0 0.7157789729354613 0.5981306384455239 -0.08349236641221373 -0.08132373351839002
0 0.6669847328244275 0.5520471894517696 0.08349236641221373 0.07373351839000691
0 0.6284914989590563 0.6322866065232478 0.0715648854961832 0.06722761970853577
0 0.5005421582234558 0.5276500693962526 0.06939625260235949 0.06180603747397639
0 0.5851188410825816 0.5748178348369187 0.06722761970853577 0.0715648854961832
0 0.6734906315058986 0.719031922276197 0.08782963219986117 0.04770992366412214
0 0.736380985426787 0.7851752255378209 -0.11168459403192224 -0.0715648854961832
0 0.7011407009021512 0.7445133587786259 0.12361207494795277 0.0487942401110341
0 0.663189625260236 0.8551136363636364 0.06289035392088835 0.0639746703678001
0 0.6968034351145038 0.8198733518390007 -0.09541984732824428 -0.07807078417765435
0 0.6344552394170715 0.9787257113115893 0.05313150589868153 0.03361380985426778
0 0.5786129424011103 0.7255378209576683 -0.08674531575294932 -0.07590215128383064
0 0.2647033310201249 0.5726492019430951 -0.06831193615544753 -0.07590215128383064
0 0.3146469465648855 0.6533874045801527 -0.08158396946564886 -0.061545801526717556
0 0.3723759541984733 0.5989980916030534 -0.057729007633587785 0.059637404580152674
0 0.3823950381679389 0.6686545801526718 0.06345419847328244 0.06822519083969465
0 0.43225190839694655 0.7072996183206107 -0.08015267175572519 -0.07490458015267176
0 0.48091603053435117 0.708969465648855 -0.08969465648854962 0.06583969465648855
0 0.3967080152671756 0.7843511450381679 -0.10257633587786259 -0.04770992366412214
0 0.3232347328244275 0.6970419847328244 0.050095419847328244 0.05152671755725191
0 0.3306297709923664 0.7352099236641222 0.07251908396946564 -0.05629770992366412
0 0.5982824427480916 0.8673664122137404 0.06202290076335878 0.039122137404580155
0 0.5462786259541985 0.8525763358778626 0.0868320610687023 -0.061068702290076333
0 0.5348282442748091 0.8148854961832062 -0.07919847328244274 0.061068702290076333
0 0.48377862595419846 0.7817270992366412 0.07442748091603053 0.05295801526717557
0 0.4701812977099237 0.8406488549618321 0.07204198473282443 -0.05057251908396947
0 0.07395038167938932 0.8031965648854962 0.09446564885496184 0.08062977099236641
0 0.20658396946564886 0.7688454198473282 -0.09541984732824428 -0.0691793893129771
0 0.16603053435114504 0.7981870229007634 0.06774809160305344 -0.07251908396946564
0 0.17938931297709923 0.7270992366412213 0.08778625954198473 0.04770992366412214
0 0.13120229007633588 0.7175572519083969 0.07538167938931298 0.07919847328244274
0 0.051288167938931296 0.7306774809160306 -0.08062977099236641 -0.057729007633587785
0 0.07442748091603053 0.7034828244274809 0.061068702290076333 0.07013358778625954
0 0.20586832061068702 0.8544847328244275 0.0825381679389313 0.06202290076335878
0 0.30916030534351147 0.8594942748091603 0.09446564885496184 0.05295801526717557
0 0.22876908396946566 0.6894083969465649 -0.06727099236641221 -0.06583969465648855
0 0.18487595419847327 0.6369274809160306 0.07681297709923664 0.07251908396946564
0 0.22638358778625955 0.6295324427480916 -0.09303435114503816 0.05868320610687023
0 0.03649809160305344 0.9456106870229007 -0.06822519083969465 0.08301526717557252
0 0.13931297709923665 0.9677958015267175 -0.07538167938931298 -0.05295801526717557
0 0.09017175572519084 0.9606393129770993 -0.060114503816793896 0.06345419847328244
0 0.24713740458015268 0.9427480916030534 0.11354961832061068 0.06965648854961833
0 0.31560114503816794 0.9689885496183206 -0.0958969465648855 0.05725190839694656
0 0.40625 0.8928912213740458 0.09780534351145038 -0.06631679389312978
0 0.4410782442748092 0.9422709923664122 0.09685114503816794 -0.06965648854961833
0 0.4868797709923664 0.9637404580152672 -0.06727099236641221 -0.04389312977099236
0 0.5663167938931297 0.9439408396946565 -0.06679389312977099 0.061545801526717556
0 0.5460400763358778 0.9716125954198473 0.08158396946564886 -0.050095419847328244
0 0.1180820610687023 0.9098282442748091 -0.07490458015267176 0.08492366412213741
0 0.8714217557251909 0.6366889312977099 0.030057251908396948 0.05104961832061069
