0 0.018368320610687022 0.05820610687022901 0.036736641221374045 0.05057251908396947
0 0.06512404580152671 0.04604007633587786 -0.046278625954198474 -0.06345419847328244
0 0.13907442748091603 0.08301526717557252 0.0691793893129771 0.05820610687022901
0 0.09184160305343511 0.14646946564885496 0.04532442748091603 0.05152671755725191
0 0.303912213740458 0.03769083969465649 -0.05248091603053435 -0.06679389312977099
0 0.2786259541984733 0.034112595419847326 0.06870229007633588 0.04341603053435115
0 0.289837786259542 0.12022900763358779 0.0491412213740458 0.04866412213740458
0 0.2368797709923664 0.1381202290076336 0.05677480916030534 0.050095419847328244
0 0.32275763358778625 0.23711832061068702 -0.06059160305343511 -0.05152671755725191
0 0.23473282442748092 0.19608778625954199 0.08206106870229007 0.06297709923664122
0 0.15720419847328243 0.19107824427480916 -0.06536259541984733 -0.07204198473282443
0 0.3571087786259542 0.1297709923664122 0.06631679389312978 0.06202290076335878
0 0.29842557251908397 0.16149809160305342 0.05200381679389313 0.04723282442748092
0 0.620706106870229 0.34780534351145037 0.06202290076335878 0.06679389312977099
0 0.5467557251908397 0.3101145038167939 -0.05629770992366412 -0.05534351145038168
0 0.5162213740458015 0.27337786259541985 0.05343511450381679 0.04103053435114504
0 0.5186068702290076 0.30033396946564883 0.07251908396946564 -0.048187022900763356
0 0.6221374045801527 0.20825381679389313 0.08492366412213741 0.08062977099236641
0 0.6796278625954199 0.26860687022900764 -0.07967557251908397 -0.06583969465648855
0 0.6760496183206107 0.21755725190839695 -0.061068702290076333 0.05629770992366412
0 0.5243320610687023 0.160543893129771 0.08206106870229007 0.07204198473282443
0 0.5374522900763359 0.22829198473282442 -0.07108778625954199 -0.053912213740458015
0 0.4911736641221374 0.2254293893129771 0.0825381679389313 0.061545801526717556
0 0.43916984732824427 0.17485687022900764 0.06440839694656489 0.055820610687022904
0 0.4217557251908397 0.12070610687022901 0.05820610687022901 0.05248091603053435
0 0.7244751908396947 0.15720419847328243 0.10639312977099237 0.09971374045801527
0 0.37666984732824427 0.05939885496183206 0.06059160305343511 0.0491412213740458
0 0.4906965648854962 0.05057251908396947 0.06727099236641221 -0.06393129770992366
0 0.4157919847328244 0.03458969465648855 0.08826335877862596 0.0691793893129771
0 0.5610687022900763 0.06870229007633588 0.0648854961832061 0.05916030534351145
0 0.642175572519084 0.04389312977099236 0.08587786259541985 0.07633587786259542
0 0.6214217557251909 0.09947519083969465 -0.0825381679389313 -0.0892175572519084
0 0.7287690839694656 0.08206106870229007 0.07776717557251908 0.04770992366412214
0 0.7313931297709924 0.029341603053435115 0.08969465648854962 0.05200381679389313
0 0.7375954198473282 0.37786259541984735 0.08110687022900763 0.05725190839694656
0 0.7562022900763359 0.32729007633587787 0.042938931297709926 0.06679389312977099
0 0.7519083969465649 0.2562022900763359 0.05152671755725191 0.060114503816793896
0 0.47662213740458015 0.40076335877862596 0.02385496183206107 0.03244274809160305
0 0.5011927480916031 0.3993320610687023 -0.03482824427480916 -0.046755725190839696
