0 0.8860166551006246 0.8529450034698126 0.10084142956280345 0.0921668979875086
0 0.6984299097848715 0.8280057251908397 0.10084142956280366 0.07481783483691888
0 0.7087309160305344 0.769452637057599 -0.08674531575294941 0.09433553088133242
0 0.9456540596807773 0.8193311936155449 0.08132373351839002 0.08999826509368498
0 0.7580673143650243 0.5417461832061069 0.07915510062456631 0.08349236641221373
0 0.48048230395558633 0.3801830326162387 0.10301006245662739 0.09433553088133242
0 0.5856609993060374 0.36229181124219295 0.08999826509368498 0.09325121443442057
0 0.23473282442748092 0.38263358778625955 0.05820610687022901 0.05343511450381679
0 0.35281488549618323 0.2924618320610687 0.05104961832061069 0.04770992366412214
0 0.7082538167938931 0.26264312977099236 0.08540076335877862 0.09112595419847329
0 0.6469465648854962 0.2764790076335878 0.04961832061068702 0.044370229007633585
0 0.7049141221374046 0.3955152671755725 0.08635496183206107 0.06679389312977099
0 0.7194656488549618 0.15839694656488548 0.05916030534351145 0.05248091603053435
0 0.16555343511450382 0.27123091603053434 0.06393129770992366 0.05868320610687023
0 0.14766221374045801 0.36283396946564883 -0.05677480916030534 -0.0491412213740458
0 0.1273854961832061 0.32013358778625955 0.0916030534351145 0.08396946564885496
0 0.04532442748091603 0.37786259541984735 0.08301526717557252 0.0982824427480916
0 0.4642175572519084 0.17056297709923665 0.061068702290076333 0.06536259541984733
0 0.3270515267175573 0.1672232824427481 -0.07204198473282443 -0.0625
0 0.2631202290076336 0.18129770992366412 -0.07204198473282443 -0.08015267175572519
0 0.22471374045801526 0.16579198473282442 0.04389312977099236 0.07108778625954199
0 0.13048664122137404 0.17771946564885496 -0.09875954198473283 -0.08540076335877862
0 0.03625954198473282 0.2924618320610687 0.0648854961832061 0.0868320610687023
0 0.044370229007633585 0.223043893129771 -0.07824427480916031 -0.07776717557251908
0 0.025524809160305344 0.12022900763358779 0.048187022900763356 0.10973282442748092
0 0.06393129770992366 0.11521946564885496 0.07347328244274809 0.07872137404580153
0 0.10432569974554706 0.03896310432569974 0.09987277353689566 0.07474554707379134
0 0.20101781170483463 0.1024173027989822 -0.07951653944020357 -0.06297709923664123
0 0.2763994910941476 0.10655216284987276 -0.05916030534351145 -0.043893129770992356
0 0.3013676844783715 0.08412849872773537 0.06393129770992366 0.0601145038167939
0 0.24506997455470736 0.06090966921119592 0.07283715012722647 0.07474554707379134
0 0.3633905852417303 0.03435114503816794 -0.05566157760814248 -0.060432569974554706
0 0.32267811704834604 0.01892493638676845 -0.05184478371501271 -0.035305343511450385
0 0.42032442748091603 0.02783078880407125 0.07983460559796433 0.05057251908396947
0 0.4435432569974555 0.08062977099236641 0.10400763358778631 -0.09128498727735371
0 0.49347964376590336 0.029262086513994912 0.051844783715012756 -0.05407124681933842
0 0.20674300254452926 0.4697837150127227 0.07569974554707377 0.0725190839694657
0 0.12643129770992367 0.4344783715012723 -0.07538167938931298 -0.05089058524173026
0 0.3175890585241731 0.48743638676844786 0.037849872773536915 0.03148854961832066
0 0.42032442748091603 0.4937977099236641 0.07474554707379139 0.06902035623409668
0 0.9284351145038168 0.38851781170483457 -0.07633587786259542 0.058842239185750655
0 0.8592557251908397 0.4166666666666667 0.10909669211195921 0.07633587786259542
0 0.8695928753180662 0.4627862595419847 -0.09732824427480916 -0.0712468193384224
0 0.778944020356234 0.4319338422391858 0.11195928753180666 -0.08396946564885496
0 0.7771946564885496 0.3543256997455471 -0.07792620865139957 0.09033078880407126
0 0.8888358778625954 0.32124681933842236 -0.10209923664122138 -0.05216284987277355
0 0.8223600508905852 0.2768765903307888 0.09319338422391854 0.07983460559796436
0 0.9646946564885496 0.2921437659033079 0.06361323155216281 -0.07983460559796439
0 0.9335241730279897 0.26860687022900764 0.08078880407124678 0.06456743002544528
0 0.8005725190839694 0.13756361323155217 0.05788804071246827 0.031488549618320594
0 0.9548346055979643 0.18765903307888043 0.07569974554707372 0.07888040712468193
0 0.7584287531806615 0.07283715012722645 0.10146310432569978 -0.09351145038167939
0 0.9583333333333333 0.07554071246819338 0.08015267175572509 -0.08301526717557252
0 0.8656170483460559 0.048187022900763356 -0.08301526717557252 -0.09446564885496184
0 0.9600031806615775 0.03699051932922527 0.07903944020356238 0.06380292161010448
0 0.5766539440203563 0.06536259541984733 -0.10114503816793893 -0.10082697201017811
0 0.7463422391857506 0.03816793893129771 0.1364503816793893 -0.07442748091603053
