0 0.46684160305343514 0.5710877862595419 0.07681297709923664 -0.07347328244274809
0 0.4618320610687023 0.507395038167939 0.07251908396946564 0.07490458015267176
0 0.5045324427480916 0.4937977099236641 -0.06536259541984733 0.07729007633587787
0 0.5694179389312977 0.5374522900763359 0.07299618320610687 0.059637404580152674
0 0.5896946564885496 0.5756202290076335 -0.039122137404580155 -0.05677480916030534
0 0.6409828244274809 0.49952290076335876 -0.08540076335877862 0.06965648854961833
0 0.7170801526717557 0.6059160305343512 0.04198473282442748 0.04103053435114504
0 0.6999045801526718 0.6397900763358778 0.03816793893129771 -0.04770992366412214
0 0.7108778625954199 0.5422232824427481 0.06297709923664122 -0.05295801526717557
0 0.7197041984732825 0.49475190839694655 -0.06727099236641221 0.06297709923664122
0 0.7559637404580153 0.5217080152671756 -0.04341603053435115 -0.07872137404580153
0 0.3244274809160305 0.9530057251908397 -0.09732824427480916 0.0892175572519084
0 0.13239503816793893 0.9780534351145038 0.059637404580152674 0.04103053435114504
0 0.20419847328244276 0.9549141221374046 0.07824427480916031 0.07776717557251908
0 0.2569179389312977 0.9580152671755725 0.08158396946564886 0.07061068702290077
0 0.802719465648855 0.6817748091603053 0.08444656488549618 0.05057251908396947
0 0.799618320610687 0.6333492366412213 0.07729007633587787 0.042461832061068704
0 0.8633110687022901 0.6407442748091603 0.0825381679389313 -0.07729007633587787
0 0.947280534351145 0.6848759541984732 0.10162213740458015 -0.09112595419847329
0 0.9165076335877863 0.5989980916030534 0.06965648854961833 0.055820610687022904
0 0.9689885496183206 0.6040076335877863 0.05916030534351145 -0.06393129770992366
0 0.8411259541984732 0.4666030534351145 -0.11927480916030535 0.06202290076335878
0 0.8215648854961832 0.5145515267175572 0.0868320610687023 -0.09017175572519084
0 0.9401240458015268 0.5038167938931297 0.09780534351145038 0.11545801526717557
