0 0.10933991917377636 0.03244274809160303 0.05163897620116748 0.06286484059272565
0 0.15368208352043103 0.06471710821733272 0.05500673551863494 0.05332285585990123
0 0.1758531656937584 0.11018185900314321 0.07128423888639426 0.06342613381230351
0 0.23506960035922764 0.1727660529860799 0.04490345756623263 0.03592276605298609
0 0.1853951504265828 0.18904355635383924 0.06342613381230354 0.05725190839694656
0 0.1362819937135159 0.22917602155365965 0.05051638976201166 0.04770992366412216
0 0.10737539290525368 0.2687471935339021 0.04209699146834305 0.0505163897620117
0 0.2777278850471486 0.15087561742254152 0.04265828468792101 0.051638976201167495
0 0.2900763358778626 0.03384598114054779 0.07072294566681635 0.04209699146834306
0 0.29596991468343065 0.07369779973057924 0.06342613381230357 0.05669061517736867
0 0.366692860350247 0.13066906151773683 0.05107768298158956 0.049393803322855846
0 0.4113156713066906 0.10344634036820834 0.05725190839694656 0.06342613381230354
0 0.3596766951055232 0.0301975752132914 0.05612932195779074 0.05612932195779075
0 0.37511225864391556 0.06387516838796585 0.058935788055680276 0.058374494836102395
0 0.5297485406376291 0.022620116748989647 0.06061966771441409 0.03872923215087561
0 0.354344409519533 0.21710821733273458 0.046587337224966316 0.042658284687920954
0 0.3425572519083969 0.2883924562191289 0.036484059272564 0.05276156264032332
0 0.3981252806466098 0.26088908845981135 0.042096991468343066 0.030309833857207046
0 0.366412213740458 0.4101930848675348 0.03480017961383029 0.03367759317467447
0 0.12477548271216883 0.43236416704086217 0.038729232150875606 0.029748540637629054
0 0.03356533453075884 0.44134485855410865 0.033677593174674454 0.01852267624607097
0 0.09137853614728333 0.4691288729232151 0.03816793893129771 0.04153569824876513
0 0.0787494387067804 0.5078581050740907 0.05781320161652448 0.050516389762011726
0 0.02626852267624604 0.548551863493489 0.047148630444544225 0.05220026942074544
0 0.093343062415806 0.560900314324203 0.04658733722496633 0.046587337224966364
0 0.1402110462505613 0.6187135159407275 0.04041311180960933 0.03423888639425235
0 0.20896946564885494 0.6450942972608892 0.046587337224966316 0.04770992366412214
0 0.2317018410417602 0.5008419398293669 0.03704535249214194 0.04097440502918724
0 0.29961832061068705 0.5679164795689269 0.03592276605298606 0.050516389762011615
0 0.2984957341715312 0.6849461158509206 0.04602604400538843 0.05107768298158956
0 0.12224966322406823 0.7326560395150425 0.06960035922766053 0.0791423439604849
0 0.17781769196228106 0.7082397844634037 0.06735518634934891 0.06511001347103729
0 0.1823080377189043 0.7576335877862596 0.061742254153569834 0.05725190839694656
0 0.0939043556353839 0.8123596766951056 0.06903906600808263 0.062303547373147694
0 0.13656264032330487 0.7949595868881904 0.06230354737314771 0.06454872025145945
0 0.17304669959586885 0.8325662325999101 0.04546475078581051 0.04546475078581049
0 0.22103726986977995 0.8095532105972161 0.049393803322855874 0.06454872025145934
0 0.25892456219128873 0.8182532555006735 0.04770992366412219 0.056129321957790794
0 0.03244274809160303 0.9145150426582848 0.05725190839694657 0.07689717108217337
0 0.13179164795689266 0.931073192635833 0.07184553210597214 0.07409070498428377
0 0.18006286484059272 0.9265828468792098 0.04827121688370005 0.05725190839694656
0 0.21738886394252355 0.8943084867534801 0.048832510103277965 0.05669061517736873
0 0.23927929950606194 0.9408958239784463 0.04995509654243379 0.056690615177368626
0 0.06808486753480014 0.973731477323754 0.07914234396048496 0.049393803322855735
0 0.2796924113156713 0.9813089357880558 0.06567130669061522 0.034238886394252245
0 0.318140996856758 0.9274247867085766 0.04602604400538843 0.05220026942074544
