0 0.019632960368085307 0.031370908710655655 0.03267802990693297 0.04705636306598348
0 0.03107027083551184 0.0715648854961832 0.04117431768273554 0.04378856007529018
0 0.0712642476210394 0.03986719648645822 0.05489909024364739 0.048363484262260795
0 0.15328610268744114 0.06339537801944997 0.06993098400083655 0.060127575028756666
0 0.0931585276586845 0.1571813238523476 0.07515946878594584 0.07908083237477778
0 0.24772560911847746 0.04542246157063683 0.09672696852452162 0.06862386280455925
0 0.6810362856844085 0.08855746104778836 0.06666318101014332 0.06731674160828192
0 0.820244693087943 0.12907821813238524 0.06535605981386593 0.06862386280455923
0 0.10230837603262573 0.5548729478197219 0.0790808323747778 0.06666318101014321
0 0.0415272404057304 0.7009437415037123 0.052938408449231415 0.06862386280455919
0 0.10557617902331902 0.8564911638607132 0.07123810519711388 0.07254522639339114
0 0.27680905573564785 0.8849210498797448 0.07385234758966856 0.08365575656174841
0 0.40098556938199315 0.6346073407926384 0.07515946878594582 0.05620621143992474
0 0.39641064519502245 0.7300271881208826 0.08692355955244173 0.07189166579525255
0 0.7990039736484368 0.5607549932029698 0.04901704486039942 0.05359196904737007
0 0.8496549200041827 0.47285109275332005 0.0509777266548154 0.059474014430618
0 0.4813735229530482 0.7983242706263725 0.05947401443061794 0.06470249921572724
0 0.37713060754993205 0.23299435323643208 0.07319878699152983 0.0647024992157273
0 0.5562062114399247 0.7930957858412632 0.06404893861758865 0.06078113562689539
0 0.37909128934434805 0.9140044964969152 0.07189166579525255 0.07385234758966853
0 0.8248196172749137 0.782965596570114 0.06404893861758865 0.060127575028756694
0 0.12975792115444942 0.7064990065878909 0.07646658998222315 0.09149848373941231
0 0.2078584126320192 0.9672696852452158 0.0679703022064206 0.0588204538324793
0 0.9643548049775175 0.7110739307748614 0.04770992366412214 0.06012757502875658
0 0.2745215936421625 0.5336322283802155 0.0588204538324793 0.03986719648645823
0 0.3898750392136359 0.5865706368294469 0.06600962041200463 0.06078113562689539
0 0.09675311094844713 0.9300167311513123 0.06143469622503399 0.05228484785109268
0 0.5441153403743594 0.6244771515214891 0.04770992366412214 0.049017044860399525
0 0.6673115131234968 0.5980079472968735 0.05359196904737007 0.04574924186970616
0 0.5111105301683572 0.5408213949597407 0.05882045383247925 0.06339537801944996
0 0.4307225765973021 0.5251359406044128 0.05620621143992474 0.04509568127156757
0 0.5967269685245216 0.8672749137300011 0.05489909024364735 0.05620621143992474
0 0.8052127993307538 0.8519162396737426 0.05620621143992474 0.056859772038063326
0 0.8323355641535082 0.8894959740667154 0.05555265084178615 0.061434696225033975
0 0.45784534142005645 0.9751124124228799 0.06731674160828191 0.04836348426226083
0 0.35164174422252437 0.9751124124228799 0.07581302938408445 0.04836348426226083
0 0.6490118163756142 0.8022456342152045 0.061434696225033975 0.059474014430618
0 0.23624513898890978 0.6953406308512171 0.07381535359354749 0.05671179605357907
0 0.05305703586345966 0.6098228431513755 0.08371741322195018 0.06751404292092758
0 0.03865404004032844 0.4716441019732105 0.06571366844303617 0.07201497911565616
0 0.0652095635892266 0.4203334293533055 0.07921647702722164 0.05401123433674202
0 0.34336742042344814 0.42663474002592544 0.06301310672619906 0.06481348120409049
0 0.2546989773872966 0.42393417830908825 0.10532190695664696 0.0972202218061357
0 0.6228755581160881 0.5337570214604639 0.04230880023044793 0.04861011090306782
0 0.6638340774881175 0.20338830476739164 0.059412357770416334 0.05401123433674202
0 0.35101901195448654 0.15882903643957946 0.07651591531038451 0.06751404292092755
0 0.8852801382687598 0.5418587066109751 0.06481348120409043 0.06481348120409043
0 0.9365908108886649 0.533306927840991 0.0828172259830045 0.07651591531038462
0 0.692846186773204 0.17851537418848545 0.04102161660840409 0.050385246486409345
0 0.7282942141685097 0.16580759078262114 0.05127702076050508 0.054398230719840186
0 0.7347595776557039 0.09981629449953633 0.05707355354212745 0.054398230719840186
0 0.5329956481415424 0.08264963972319331 0.05841121495327097 0.05038524648640936
0 0.44604765641720767 0.2369265891417565 0.08159734607976028 0.053060569308696584
0 0.5095865734465292 0.17160412356424345 0.06777484483127628 0.054398230719840186
0 0.7046621959049726 0.27616465720196903 0.0432510522936434 0.043251052293643455
0 0.8879218092316473 0.2014785617464508 0.0566276664050795 0.04637226225297853
0 0.8261664407505173 0.204153884568738 0.06420774773489334 0.060640650638510395
0 0.8727616465720196 0.1401690804023686 0.059302989227366765 0.054844117856888044
0 0.9349629021901976 0.1053898837126347 0.05172290789755303 0.05573589213098379
0 0.9641685096668331 0.06548298494685031 0.06643718342013276 0.06153242491260613
0 0.8977313262467005 0.0558964115003211 0.06287008632374971 0.060194763501462516
0 0.7693158307769138 0.037169151744310534 0.07178782906470718 0.06643718342013269
0 0.8854694299778839 0.040290361703645625 0.06777484483127628 0.0557358921309838
0 0.5046818149390027 0.027805521866305253 0.060640650638510395 0.04325105229364343
