0 0.02430399640772337 0.024584643017512325 0.04770992366412214 0.0449034575662326
0 0.056297709923664105 0.049000898069151304 0.0510776829815896 0.05107768298158959
0 0.03496856757970361 0.09614952851369553 0.053322855859901215 0.054445442299057005
0 0.07510103277952401 0.11439155814997753 0.052761562640323306 0.059497081275258185
0 0.15845307588684326 0.1581724292770543 0.061180960933991925 0.05725190839694656
0 0.17669510552312523 0.06527840143691062 0.04041311180960933 0.05444544229905704
0 0.2176695105523125 0.09951728783116298 0.06061966771441404 0.057813201616524465
0 0.23731477323753927 0.15255949708127522 0.06286484059272567 0.06847777278850468
0 0.2521890435563538 0.03889762011674897 0.07577458464301753 0.066793893129771
0 0.35658958239784466 0.09053659631791645 0.07352941176470588 0.06005837449483611
0 0.27099236641221375 0.19437584193982935 0.0662325999101931 0.04658733722496634
0 0.3700606196677144 0.2317018410417602 0.07465199820386172 0.05163897620116752
0 0.445273911091154 0.1649079479119892 0.0903682083520431 0.07296811854512797
0 0.03216210148181407 0.4865289627301302 0.04658733722496632 0.08194881005837454
0 0.051807364167040834 0.42955770094297263 0.06454872025145937 0.07128423888639429
0 0.0829591378536147 0.47810956443646163 0.04939380332285586 0.050516389762011615
0 0.14245621912887288 0.3753929052537045 0.07072294566681632 0.061742254153569806
0 0.19381454872025144 0.3535024696901662 0.061180960933991925 0.041535698248765185
0 0.20307588684328692 0.3866187696452627 0.061742254153569834 0.04602604400538843
0 0.3888639425235743 0.3464863044454423 0.07184553210597218 0.07352941176470588
0 0.34536371800628646 0.4177705433318366 0.07577458464301748 0.08475527615626402
0 0.40963179164795693 0.45790300853165694 0.07072294566681635 0.072968118545128
0 0.35181859003143245 0.5053322855859901 0.08307139649753031 0.06791647956892677
0 0.34452177817691965 0.560619667714414 0.09205208801077686 0.09317467444993263
0 0.49017736865738665 0.3568702290076336 0.08251010327795243 0.08082622361921872
0 0.5479905702739111 0.3520992366412214 0.06567130669061522 0.08475527615626408
0 0.49915806017063313 0.4764256847777279 0.07128423888639429 0.08307139649753037
0 0.47474180511899416 0.5190839694656488 0.07970363718006283 0.05612932195779068
0 0.42562864840592723 0.5959811405478221 0.09598114054782221 0.07521329142343965
0 0.4071059721598563 0.6644589133363269 0.09598114054782216 0.09205208801077686
0 0.48091603053435117 0.5600583744948362 0.07409070498428383 0.052761562640323376
0 0.523854961832061 0.6021553659631791 0.08251010327795243 0.07745846430175118
0 0.5522002694207454 0.6796138302649304 0.0898069151324652 0.08756174225415356
0 0.21065334530758867 0.5724068253255501 0.08587786259541988 0.08419398293668613
0 0.15536596317916476 0.6136618769645262 0.07521329142343958 0.09485855410866645
0 0.1163560844185002 0.6414458913336327 0.0757745846430175 0.07184553210597212
0 0.13375617422541533 0.6911203412662774 0.07352941176470588 0.06454872025145934
0 0.620958688819039 0.34985406376290973 0.05781320161652451 0.06679389312977099
0 0.645655590480467 0.39447687471935333 0.07465199820386172 0.06735518634934888
0 0.6725976650202066 0.3344185002245173 0.06791647956892687 0.08307139649753031
0 0.7306915132465199 0.3139312977099237 0.08531656937584191 0.06791647956892677
0 0.7542658284687921 0.317860350246969 0.07072294566681635 0.058935788055680276
0 0.7528625954198473 0.3652896273013022 0.06567130669061512 0.06286484059272564
0 0.7076784912438258 0.3984059272563988 0.07633587786259542 0.05725190839694656
0 0.7901885945217781 0.4012123933542883 0.05949708127525811 0.05612932195779074
0 0.8320049393803324 0.4138414907947912 0.060058374494836045 0.051077682981589614
0 0.6335877862595419 0.4781095644364617 0.06623259991019316 0.05725190839694662
0 0.6613718006286484 0.5087000449034575 0.04658733722496626 0.06567130669061516
0 0.6899977548271217 0.47474180511899416 0.06791647956892687 0.0684777727885047
0 0.7525819488100585 0.4621127076784913 0.07633587786259542 0.06454872025145934
0 0.816008082622362 0.4767063313875169 0.06623259991019305 0.07128423888639429
0 0.6490233497979345 0.5586551414458913 0.07016165244723852 0.060058374494836156
0 0.7374270318814548 0.567635832959138 0.07409070498428377 0.06454872025145934
0 0.7798046699595869 0.5474292770543332 0.08475527615626396 0.06454872025145934
0 0.8263920071845532 0.555006735518635 0.06454872025145934 0.055006735518634914
0 0.9501571621014818 0.33048944768747196 0.09092950157162087 0.0898069151324652
0 0.906937584193983 0.5148742703188146 0.09205208801077686 0.06118096093399187
0 0.9248989672204759 0.5496744499326448 0.07745846430175118 0.06454872025145934
0 0.9383700044903457 0.5954198473282443 0.08194881005837439 0.06286484059272564
0 0.8785922766052986 0.6192748091603053 0.08475527615626408 0.06791647956892687
0 0.8258307139649753 0.6347103726986979 0.07801975752132913 0.07184553210597223
0 0.70655590480467 0.6473394701392008 0.08531656937584202 0.061180960933991925
0 0.6770880107768299 0.7040300853165693 0.08924562191288726 0.061180960933991925
0 0.773349797934441 0.7160978895374944 0.09092950157162098 0.05949708127525821
0 0.7076784912438258 0.7691400987876066 0.09541984732824428 0.07240682532555007
0 0.8233048944768747 0.7924337674000899 0.07633587786259542 0.05949708127525821
0 0.8752245172878311 0.7943982936686125 0.062303547373147694 0.07016165244723842
0 0.027110462505612904 0.7814885496183206 0.04883251010327795 0.0836326897171082
0 0.05854288280197573 0.803378985181859 0.05556802873821286 0.06567130669061522
0 0.12645936237090252 0.7907498877413561 0.07914234396048496 0.06511001347103729
0 0.05236865738661874 0.8533340817242927 0.07016165244723845 0.07577458464301748
0 0.12393354288280194 0.8482824427480916 0.08980691513246519 0.09036820835204315
0 0.1278625954198473 0.7298495734171532 0.09092950157162101 0.061180960933991925
0 0.3251571621014818 0.7217108217332735 0.06454872025145934 0.06623259991019316
0 0.2968118545127975 0.7646497530309834 0.06960035922766059 0.07577458464301759
0 0.37034126627750336 0.7868208352043108 0.09878760664571169 0.09654243376740015
0 0.40570273911091154 0.8291984732824428 0.07409070498428377 0.07577458464301759
0 0.3520992366412214 0.8656825325550067 0.0836326897171082 0.07801975752132913
0 0.28137629097440503 0.8718567579703638 0.0757745846430175 0.06903906600808264
0 0.2698697799730579 0.924618320610687 0.07970363718006286 0.07016165244723842
0 0.3650089806915132 0.942299057027391 0.07801975752132918 0.09766502020655571
0 0.4315222272114953 0.8920633138751684 0.07521329142343959 0.062303547373147694
0 0.4865289627301302 0.8356533453075887 0.0684777727885047 0.08868432869330943
0 0.5277840143691064 0.8179726088908846 0.06342613381230357 0.08587786259541985
0 0.5319937135159407 0.7494948361023799 0.09317467444993267 0.07352941176470583
0 0.4971935339021105 0.9625056129321958 0.09092950157162102 0.07072294566681635
0 0.6136618769645262 0.865121239335429 0.07016165244723842 0.07352941176470594
0 0.603277952402335 0.9111472833408172 0.06511001347103729 0.058935788055680276
0 0.6619330938482264 0.9229344409519533 0.06791647956892677 0.06679389312977099
0 0.682139649753031 0.972889537494387 0.06791647956892687 0.04995509654243379
0 0.7351818590031433 0.8435114503816794 0.06735518634934883 0.0639874270318814
0 0.7360237988325101 0.9142343960484958 0.07128423888639429 0.07184553210597212
0 0.7876627750336777 0.8940278401436911 0.060058374494836156 0.07745846430175118
0 0.8729793444095195 0.9111472833408173 0.058935788055680276 0.07240682532555007
0 0.8513695554557701 0.9641894925909295 0.08307139649753026 0.06286484059272553
0 0.9437022900763359 0.9324764256847777 0.07240682532554985 0.060058374494836156
0 0.9596991468343062 0.9720475976650201 0.06847777278850459 0.05388414907947893
0 0.958001234845083 0.8608967493537543 0.0830433318365514 0.0875321605844731
0 0.9669959586888192 0.7326560395150425 0.06174225415356976 0.09598114054782221
0 0.9083408172429278 0.7135720700493938 0.06342613381230357 0.06342613381230357
0 0.9240570273911092 0.4242254153569825 0.062303547373147805 0.07970363718006289
0 0.5216097889537494 0.1522788504714863 0.05220026942074544 0.05556802873821286
0 0.8625954198473282 0.025707229456668135 0.04714863044454431 0.04041311180960934
0 0.41748989672204756 0.11046250561293217 0.07409070498428383 0.05837449483610236
