0 0.5203761132315521 0.9780534351145038 0.08349236641221373 0.037770356234096726
0 0.5233579834605598 0.9462468193384225 0.07951653944020359 0.04969783715012726
0 0.5944258905852418 0.9566833651399492 0.03876431297709924 0.044728053435114504
0 0.6207657442748091 0.9780534351145038 0.049697837150127155 0.04174618320610687
0 0.6754333651399491 0.9835201972010179 0.06560114503816794 0.024848918575063578
0 0.717179548346056 0.9412770356234097 0.045722010178117015 0.04572201017811712
0 0.7961991094147584 0.9502226463104326 0.052679707379134896 0.04572201017811712
0 0.8707458651399492 0.9715927162849873 0.06460718829516543 0.0347884860050892
0 0.9095101781170484 0.9825262404580153 0.04274013994910938 0.028824745547073826
0 0.8657760814249365 0.9045006361323156 0.05665553435114504 0.0616253180661578
0 0.7599196882951653 0.857784669211196 0.05764949109414755 0.06758905852417296
0 0.5998926526717557 0.868718193384224 0.0795165394402035 0.05168575063613228
0 0.9403228371501272 0.8349236641221374 0.04075222646310447 0.06758905852417306
0 0.9060313295165394 0.8190203562340967 0.03975826972010175 0.059637404580152674
0 0.5561585559796438 0.7936744592875319 0.05764949109414755 0.06858301526717557
0 0.6356750954198473 0.7976502862595419 0.05566157760814242 0.05864344783715016
0 0.6958094783715012 0.8075898536895675 0.0705709287531807 0.06659510178117045
0 0.812102417302799 0.7772741730279898 0.05069179389312977 0.05367366412213741
0 0.8528546437659034 0.6729087150127226 0.052679707379134896 0.04572201017811712
0 0.9507593829516541 0.6868241094147584 0.05367366412213751 0.05168575063613228
0 0.9358500318066159 0.7300612277353691 0.04969783715012737 0.04075222646310436
0 0.5690799936386768 0.6922908715012723 0.04373409669211199 0.06858301526717557
0 0.52733381043257 0.6868241094147584 0.05367366412213741 0.05367366412213741
0 0.6500874681933843 0.7101820928753181 0.07255884223918571 0.052679707379134785
0 0.7251312022900763 0.7236005089058525 0.04770992366412214 0.051685750636132385
0 0.7385496183206107 0.6495507315521629 0.0805104961832061 0.06659510178117045
0 0.6277234414758269 0.6321564885496184 0.08349236641221373 0.06560114503816794
0 0.5387643129770993 0.5914042620865141 0.06261927480916031 0.06957697201017808
0 0.489066475826972 0.6127743320610687 0.07454675572519084 0.048703880407124645
0 0.4716722328244275 0.5769918893129771 0.061625318066157744 0.048703880407124645
0 0.2634382951653944 0.6038287213740458 0.06858301526717557 0.06659510178117045
0 0.8338226658837345 0.6015120375807399 0.07927187316500295 0.06826189078097465
0 0.8507046388725779 0.5504991192014093 0.07927187316500295 0.06459189665296529
0 0.8877715795654727 0.5673810921902525 0.07266588373458606 0.09101585437463297
0 0.9571344685848503 0.5868320610687023 0.03669994128009394 0.05945390487375216
0 0.928508514386377 0.49031121550205514 0.08807985907222544 0.06899588960657664
0 0.6415149735760424 0.5394891368173811 0.08807985907222544 0.08514386376981802
0 0.7439078097475044 0.5486641221374046 0.09615384615384621 0.09174985320023492
0 0.8151056958308868 0.4525102759835584 0.09762184380504987 0.07119788608338229
0 0.6451849677040518 0.4525102759835585 0.0645918966529654 0.11817381092190254
0 0.7009688784497944 0.4352613035819142 0.09101585437463297 0.09395184967704051
0 0.3776423957721668 0.6048150322959482 0.04770992366412214 0.04403992953611278
0 0.29616852613035816 0.5435261303581913 0.08147386964180854 0.05211391661773344
0 0.36553141514973575 0.5460951262477981 0.09101585437463303 0.04991192014092773
0 0.23744862008220782 0.5394891368173811 0.06679389312977096 0.05284791544333537
0 0.16661773341162653 0.5372871403405755 0.05431591309453903 0.08807985907222544
0 0.10826482677627715 0.5288461538461539 0.056517909571344685 0.06826189078097476
0 0.2748825601879037 0.4822372284204345 0.11817381092190254 0.05431591309453903
0 0.5413241338813859 0.5075601879036994 0.09028185554903115 0.07413388138578977
0 0.260569583088667 0.4202143276570757 0.09688784497944801 0.05945390487375221
0 0.06972988843217849 0.4796682325308279 0.03963593658250146 0.072665883734586
0 0.07376688197298885 0.4172783323546682 0.044773928361714614 0.06385789782736351
0 0.1317527891955373 0.4811362301820317 0.055049911920140915 0.062389900176159696
0 0.18790369935408102 0.44994128009395185 0.07046388725778038 0.054315913094539085
0 0.17138872577803876 0.40296535525543153 0.06679389312977099 0.07633587786259537
0 0.12184380504991192 0.41103934233705225 0.05431591309453906 0.07633587786259542
0 0.08330886670581326 0.33029947152084554 0.0594539048737522 0.07486788021139165
0 0.27451556077510275 0.3512184380504991 0.08514386376981799 0.06532589547856728
0 0.38221612595419846 0.46715966921119595 0.06659510178117051 0.08349236641221373
0 0.4393686386768448 0.4716324745547074 0.08746819338422399 0.08448632315521636
0 0.3330152671755725 0.3503697519083969 0.06361323155216286 0.06261927480916031
0 0.4090529580152672 0.36428514631043263 0.07852258269720104 0.09442589058524171
0 0.4657084923664122 0.37770356234096697 0.07852258269720104 0.06560114503816794
0 0.1741169620908267 0.32452451804890675 0.10108034674602147 0.06388277914348561
0 0.180181782895588 0.2792405227066891 0.08248156294475353 0.07520377797904002
0 0.04352115409496696 0.06778043731401212 0.048518566438090306 0.08086427739681719
0 0.06131129512226674 0.2561942036485962 0.0889507051364989 0.06307413636951742
0 0.06292858067020309 0.1793731401216198 0.08571613404062622 0.0776297063009445
0 0.4365215422434985 0.2642806313882779 0.08409884849268982 0.10512356061586238
0 0.48867900116444557 0.2667065597101824 0.07196920688316728 0.08733341958856261
0 0.3168424116962091 0.22425281407685338 0.12776555828697117 0.11887048777332129
0 0.10093479104670715 0.1114471471082934 0.09380256178030794 0.12129641609522579
0 0.1955459956009833 0.1053823263035321 0.0824815629447535 0.1237223444171303
0 0.2375954198473282 0.07384525811877339 0.08571613404062628 0.11078406003363954
0 0.34999676542890407 0.11468171820416609 0.1018889895199897 0.08733341958856257
0 0.3568702290076336 0.030987191098460293 0.08814206236253076 0.05579635140380385
0 0.4446079699831802 0.1167033251390865 0.0776297063009445 0.08490749126665806
0 0.4915092508733342 0.12842864536162502 0.06469142191745376 0.06954327856126279
0 0.5630741363695174 0.15834842799844737 0.0784383490749127 0.09056799068443526
0 0.6277655582869711 0.16966942683400177 0.08814206236253076 0.09056799068443525
0 0.04756436796480782 0.3908332255142968 0.05983956527364472 0.0768210635269763
0 0.48665739422952514 0.040690904386078364 0.13100012938284386 0.07196920688316731
0 0.584503169879674 0.051203260447664586 0.08409884849268982 0.07520377797903997
0 0.6455556993142709 0.04271251132099879 0.11725320222538493 0.08248156294475353
0 0.735315047224738 0.19716328114891962 0.09137663345840344 0.13423470047871658
0 0.7438057963514038 0.08759218527623232 0.058222279725708335 0.08005563462284902
0 0.7644261870875921 0.03988226161211018 0.0768210635269763 0.06711735023935825
0 0.5921852762323716 0.2638763100012938 0.11240134558157584 0.09946306119808519
0 0.5436667097942813 0.3795122266787424 0.07196920688316734 0.10916677448570317
0 0.5873334195885627 0.3657652995212835 0.09784577565014871 0.08975934791046711
0 0.6694106611463321 0.33382390994954064 0.08733341958856261 0.08409884849268988
0 0.7150989778755338 0.28651830767240266 0.08490749126665807 0.09299391900633978
0 0.8283089662310779 0.31522512614827275 0.09461120455427613 0.07277784965713548
0 0.782620649501876 0.373043084486997 0.08248156294475353 0.05903092249967659
0 0.8505466425152025 0.3770862983568379 0.10188898951998965 0.03800621037650408
0 0.932623884072972 0.3673825850692198 0.050944494759994824 0.07843834907491265
0 0.9192812783024972 0.03624336912925341 0.061456850821581026 0.07116056410919912
0 0.8634849268986932 0.07505822227972567 0.07924699184888084 0.09541984732824428
0 0.8400342864536163 0.16360460602924046 0.08248156294475353 0.11887048777332125
0 0.9362627765558287 0.2456818475870099 0.045283995342217595 0.12776555828697117
0 0.8845096390218657 0.24770345452193038 0.059839565273644736 0.08814206236253076
0 0.8246700737482209 0.22344417130288524 0.09380256178030788 0.09784577565014885
0 0.9176639927545608 0.12317246733083187 0.07924699184888073 0.10108034674602148
0 0.16966942683400177 0.20282378056669678 0.07116056410919913 0.053370423081899335
0 0.22991331349463057 0.20767563721050583 0.08652477681459442 0.04690128089015397
0 0.6686020183723638 0.857420106093932 0.046901280890153996 0.05417906585586751
0 0.6948829085263294 0.9168553499805926 0.04447535256824945 0.05013585198602668
0 0.966586880579635 0.25295963255272347 0.06550006469142175 0.08733341958856258
0 0.9649695950316988 0.36859554923017207 0.06711735023935825 0.07116056410919913
0 0.9783122008021735 0.5853118126536422 0.03881485315047212 0.09865441842411696
0 0.46644132488032086 0.1890768534092379 0.0986544184241169 0.040432138698408594
