0 0.03571015498496415 0.955355077492482 0.065058986814712 0.06361323155216292
0 0.06419153365718251 0.8638387693731204 0.05436039787184825 0.054071246819338385
0 0.1254915567892667 0.9080788804071246 0.06187832523710387 0.05349294471431881
0 0.11566042100393244 0.9565116817025212 0.0688179504973398 0.054360397871848175
0 0.2433206106870229 0.9517406893361091 0.05811936155447606 0.05638445523941721
0 0.2947894980337728 0.9067777006708304 0.05175803839925973 0.05436039787184828
0 0.36490862826740683 0.9397409206569511 0.06476983576220217 0.06476983576220217
0 0.2940666204024982 0.8139602128151746 0.06881795049733976 0.06187832523710388
0 0.37546264168401566 0.8077434651862133 0.04770992366412214 0.056384455239417104
0 0.1298288225769142 0.8075988896599583 0.05898681471200556 0.05551700208188753
0 0.03238491788110109 0.7898160999306036 0.06187832523710386 0.06563728891973164
0 0.21426092990978485 0.7134802220680083 0.05956511681702523 0.05696275734443667
0 0.16611727966689796 0.6397467036780015 0.05175803839925975 0.04828822576914182
0 0.15079227388387692 0.6705412907702984 0.05696275734443675 0.05262549155678924
0 0.17508096229470274 0.5762780476520935 0.03787878787878787 0.03932454314133707
0 0.28857275040481145 0.6719870460328475 0.061878325237103834 0.0589868147120056
0 0.37661924589405504 0.722443904695813 0.06274577839463336 0.06274577839463336
0 0.35984848484848486 0.6196507055285682 0.04424011103400412 0.050312283136710635
0 0.03513185287994448 0.6988780939162618 0.05349294471431876 0.04742077261161235
0 0.058263937080730965 0.6411924589405505 0.05002313208420078 0.04713162155910246
0 0.07011913023363403 0.6897698357622021 0.052914642609299095 0.04134860050890589
0 0.27122368725422163 0.5652903076567198 0.04915567892667133 0.04452926208651407
0 0.44587092297015957 0.7013358778625954 0.07286606523247746 0.08876937312051825
0 0.46047305112190606 0.7655274115197779 0.05927596576451539 0.06621559102475132
0 0.4406662040249826 0.8558871154291002 0.06130002313208415 0.057830210501966246
0 0.5295801526717557 0.8999826509368494 0.06563728891973174 0.06158917418459399
0 0.44124450613000227 0.9767522553782094 0.05840851260698592 0.0433726578764746
0 0.5752660189683091 0.7734790654637982 0.058697663659495705 0.054938699976867955
0 0.6559391626185519 0.7945870922970159 0.058697663659495705 0.05840851260698592
0 0.6620113347212584 0.743118204950266 0.04539671524404342 0.04742077261161235
0 0.6374334952579227 0.6930950728660651 0.04828822576914182 0.046842470506592675
0 0.7742019430950727 0.772177885727504 0.04770992366412214 0.05811936155447603
0 0.8175746009715474 0.799647235715938 0.058697663659495705 0.0511797362942401
0 0.8496703678001387 0.7301064075873236 0.061010872079574424 0.0641915336571825
0 0.8758385380522784 0.6956974323386537 0.0537820957668286 0.05493869997686785
0 0.9031633125144576 0.8495257922738838 0.05060143418922053 0.06476983576220217
0 0.7454314133703446 0.8813324080499652 0.0665047420772612 0.062456627342123455
0 0.6740111034004163 0.9429215822345591 0.05262549155678924 0.04973398103169096
0 0.7502024057367568 0.9384397409206569 0.05464954892435806 0.059854267869535065
0 0.8389303776838474 0.9757040828128614 0.054566746577503024 0.04763763590099475
0 0.9018621327781632 0.9744390469581309 0.05031228313671053 0.04452926208651407
0 0.7934304880869766 0.9236930372426555 0.04510756419153374 0.04019199629886653
0 0.8876937312051816 0.8887057598889659 0.06708304418228078 0.06390238260467271
0 0.8107795512375664 0.8259599814943326 0.05493869997686785 0.05754105944945635
0 0.9638850335415221 0.6988780939162618 0.07084200786490863 0.08211889891279199
0 0.9238376127689104 0.47955702058755495 0.06534813786722185 0.06332408049965303
0 0.7781054823039555 0.5404233171408743 0.0641915336571825 0.056095304186907315
0 0.8379597501734906 0.4293893129770992 0.05609530418690721 0.06072172102706453
0 0.866441128845709 0.46726810085588705 0.05696275734443667 0.05551700208188758
0 0.9774751330094841 0.434883182974786 0.0436618089289846 0.0422160536664353
0 0.9669211195928753 0.3870286837844089 0.05262549155678924 0.04828822576914182
0 0.928030303030303 0.3459692343280129 0.059854267869535065 0.06101087207957437
0 0.9677885727504048 0.32601781170483457 0.05840851260698592 0.055227851029377745
0 0.8109241267638213 0.267030996992829 0.0436618089289845 0.043083506823964814
0 0.8394055054360396 0.2963798288225769 0.045685866296553315 0.04684247050659262
0 0.7436965070552857 0.3584027295859357 0.06534813786722185 0.056962757344436725
0 0.7139139486467729 0.28828359935230163 0.06881795049733981 0.06130002313208415
0 0.8120807309738607 0.23667013647929677 0.050601434189220425 0.04481841313902383
0 0.7661057136247975 0.2261161230626879 0.05580615313439732 0.05031228313671061
0 0.6450959981494332 0.18158686097617394 0.05840851260698592 0.05725190839694656
0 0.8279840388619015 0.051179736294240115 0.05233634050427946 0.060721721027064544
0 0.8690434883182974 0.03455355077492482 0.04770992366412214 0.04713162155910247
0 0.8751156604210039 0.09614272495951885 0.05002313208420074 0.04944482997918112
0 0.9265845477677538 0.06809507286606523 0.04655331945408278 0.0436618089289845
0 0.9338133240804996 0.14125028915105248 0.05927596576451539 0.05580615313439739
0 0.7516481609993061 0.09079343048808698 0.06737219523479067 0.062456627342123525
0 0.6816736062919267 0.10900994679620635 0.0639023826046726 0.060721721027064544
0 0.7185403654869303 0.18346634281748783 0.0589868147120056 0.06332408049965303
0 0.7912618551931528 0.6527585010409437 0.06563728891973164 0.06563728891973164
0 0.8573328706916492 0.6017233402729585 0.06939625260235949 0.06534813786722185
0 0.5447605829285218 0.4393650242886884 0.06823964839232013 0.06274577839463336
0 0.5550254452926209 0.19011681702521396 0.06910710154984971 0.06852879944482998
0 0.5949282905389776 0.11276891047883414 0.06505898681471195 0.060143418922044875
0 0.5342065695119129 0.09874508443210732 0.06968540365486928 0.05985426786953505
0 0.5584952579227388 0.03498727735368957 0.07373351839000691 0.057251908396946556
0 0.5506881795049733 0.29912676382142034 0.06101087207957431 0.04886652787416144
0 0.6180603747397639 0.35233055748322917 0.058697663659495705 0.05464954892435806
0 0.6741556789266713 0.33960791117279665 0.06621559102475132 0.05811936155447603
0 0.8013821420309969 0.3552220680083275 0.055227851029377745 0.06101087207957437
0 0.8123698820263705 0.5863983344899375 0.0511797362942401 0.0537820957668286
0 0.7512144344205413 0.5852417302798981 0.056095304186907315 0.05204718945176957
0 0.7014804533888502 0.8496703678001387 0.06650474207726109 0.06795049733981035
0 0.6160363173721951 0.8454776775387461 0.06448068470969238 0.06303492944714313
0 0.5029782558408513 0.5132431182049503 0.05464954892435812 0.05493869997686791
0 0.6568066157760813 0.5012433495257922 0.061010872079574424 0.058697663659495705
0 0.7788283599352303 0.45497918112421926 0.06332408049965303 0.05985426786953501
0 0.3315734837681403 0.5503313480412717 0.05871990604815033 0.05845776361043528
0 0.2866160557000252 0.509043914101166 0.060554903112155015 0.056622766546430656
0 0.41467263652378156 0.5187431842966194 0.05137991779213155 0.048234208539552015
0 0.37364734502139085 0.5499381343846992 0.054263484606996044 0.04928277829041188
0 0.46762540894220284 0.5866380756647932 0.06134133042529983 0.054525627044710985
0 0.3916041020048654 0.47247504403992957 0.0650113245533093 0.06579775186645412
0 0.3763998406173979 0.36421021726365244 0.0692056035567486 0.08152629812935154
0 0.4221436959986578 0.3543798758493415 0.04377778709839778 0.04456421441154265
0 0.44678508514386384 0.3992062326985991 0.05111777535441656 0.056622766546430656
0 0.4359061739786931 0.2860917708245953 0.048234208539552015 0.04482635684925765
0 0.46395541481419345 0.33852025836758665 0.047185638788692204 0.04692349635097726
0 0.4193912004026508 0.20784225316668067 0.062389900176159696 0.05190420266756146
0 0.4942328663702709 0.18569121717976683 0.057409193859575526 0.0637006123647345
0 0.5179567569834744 0.2403479154433353 0.05347705729385112 0.06710846405502892
0 0.4280419008472444 0.1349666554819227 0.06763274893045886 0.06553560942873922
0 0.3504477392836172 0.053178214914856164 0.06710846405502897 0.06605989430416911
0 0.2121676033889775 0.07021747336632836 0.03748636859323884 0.03198137740122473
0 0.22802722087073238 0.0900092274138076 0.04299135978525294 0.03696208371780891
0 0.2651203758073987 0.11989346531331267 0.061603472863014846 0.054787769482425974
0 0.37928340743226246 0.11989346531331267 0.06081704554986995 0.05793347873500546
0 0.48899001761597183 0.04531394178340746 0.05373919973156606 0.048758493414981965
0 0.2168861672678467 0.13273844476134558 0.05426348460699607 0.058457763610435365
0 0.21465795654726957 0.19801191175236982 0.053477057293851174 0.05373919973156614
0 0.15855947487626879 0.28294606157201585 0.051379917792131524 0.054787769482425974
0 0.30299995805721003 0.3796766210888349 0.05347705729385123 0.0705163157453234
0 0.6642322372284204 0.029192181863937617 0.04508849928697264 0.043253502222967866
0 0.035090386712524145 0.5094371277577384 0.06605989430416911 0.06003061823672503
0 0.05199857394513887 0.12146631993960243 0.047447781226407186 0.04220493247210807
0 0.05960070463887261 0.05173643150742391 0.05531205435785588 0.06055490311215503
0 0.14623878030366586 0.046755725190839724 0.05871990604815035 0.05269062998070632
0 0.13955414814193445 0.09577636104353665 0.05898204848586528 0.05164206022984649
0 0.17586087576545595 0.14387949836423122 0.060817045549869976 0.06605989430416913
0 0.1683898162905797 0.37875912255683253 0.06107918798758492 0.0702541733076084
0 0.1769094455163158 0.3260684925761262 0.061341330425299885 0.06553560942873918
0 0.2963153258954786 0.4445568744232867 0.056884908984145596 0.052952772418421244
0 0.47653825182451137 0.3104710175320863 0.06815703380588872 0.050593490478986626
0 0.3509720241590471 0.27626142941028436 0.06763274893045886 0.055049911920140915
