0 0.07016059340342795 0.6521316433818235 0.09181909837246147 0.08371741322195018
0 0.02560132507561578 0.7236965288780066 0.04230880023044793 0.0828172259830045
0 0.1966369004752989 0.6993914734264727 0.054911421575687756 0.10082097076191848
0 0.13992510442171976 0.7079432521964569 0.07291516635460174 0.08191703874405871
0 0.09401555523548902 0.7687058908252916 0.05851217053147053 0.08101685150511304
0 0.14667650871381252 0.7948113207547169 0.08641797493878725 0.0774161025493303
0 0.2065389601037016 0.8744778914014115 0.09271928561140715 0.06571366844303622
0 0.2537987901483509 0.9343403427913006 0.07561572807143886 0.04320898746939362
0 0.2682017859714821 0.9793497047385856 0.10082097076191848 0.03060636612415385
0 0.0526069422439868 0.9816001728359499 0.08731816217773297 0.03150655336309953
0 0.15387800662537812 0.9622461471986173 0.07741610254933025 0.050410485380959186
0 0.9203874405876422 0.8704270488261558 0.0549114215756877 0.05941235777041622
0 0.8060636612415383 0.4257345527869797 0.027905804407316694 0.03600748955782805
0 0.9073347256229295 0.5229547745931155 0.03780786403571942 0.034207115079936685
0 0.20383839838686452 0.9172367852513323 0.07291516635460175 0.04140861299150225
