0 0.07401853871319526 0.5443020719738277 0.06815703380588872 0.049413849509269296
0 0.051867502726281385 0.6933955834242093 0.054525627044710985 0.05793347873500541
0 0.2554866412213741 0.7777399127589967 0.05622955288985825 0.07667666303162489
0 0.19329334787350058 0.8629362050163577 0.04430207197382771 0.06304525627044709
0 0.32671395650295265 0.7295477459311537 0.03060636612415385 0.03150655336309953
0 0.34921863747659515 0.7079432521964569 0.03420711507993663 0.026105429929425328
0 0.2492978539536224 0.6975910989485813 0.03600748955782805 0.028805991646262376
0 0.06475946996975375 0.7655552354889819 0.03240674060204523 0.029706178885208167
0 0.21144170714781402 0.8430560374739764 0.026023594725884783 0.03361380985426789
0 0.012740718251214435 0.7381484212352534 0.016806904927133933 0.027650069396252624
