0 0.01955660983091965 0.061915887850467345 0.036562745237925375 0.05618177926803169
0 0.034493828922023316 0.08777734179924383 0.03879218092316473 0.04280516515659556
0 0.055673467931797165 0.046978668759363684 0.05350645644574446 0.03968395519726047
0 0.08666262395662415 0.08599379325105234 0.0512770207605051 0.048155810801170006
0 0.13281194264107873 0.06213883141899127 0.05083113362345723 0.06554540914603695
0 0.09558036669758158 0.04608689448526795 0.04770992366412214 0.03611685810087751
0 0.2021473924520226 0.05344403224655781 0.06287008632374974 0.043696939430691306
0 0.23335949204537354 0.07105657415994869 -0.06465363487194122 0.04235927801954769
0 0.17806948705143757 0.125008917742741 0.07981379753156881 0.0601947635014625
0 0.16714525219376475 0.18052186630520084 0.09096097595776556 0.06777484483127631
0 0.09312798744381828 0.15376863808232866 0.06599129628308482 0.07223371620175498
0 0.020894271242063268 0.15109331526004144 0.04102161660840408 0.09363629878005278
0 0.035831490333166925 0.2373724762788043 0.04325105229364343 0.04592637511593064
0 0.07395484055075985 0.22109759577655708 0.05172290789755297 0.05885710209031887
0 0.03427088535349938 0.2875347791966898 0.04548048797888278 0.04993935934936151
0 0.0964721409716773 0.2672469144610117 0.0646536348719412 0.04414282656773914
0 0.11430762645359212 0.31295034600841837 0.061978312049653976 0.06242419918670187
0 0.14997859741742173 0.3243204680031391 0.056627666405079526 0.052168795034600875
0 0.18096775344224875 0.31540272526218166 0.0633159734607976 0.06554540914603697
0 0.26033566383676965 0.33123171862738104 0.057073553542127425 0.0570735535421274
0 0.24695904972533356 0.3742598273525006 0.061532424912606104 0.06554540914603692
0 0.1907772704573019 0.36890918170792614 0.06777484483127631 0.06554540914603697
0 0.2206517086395092 0.42776628379824505 0.057965327816223135 0.05751944067917529
0 0.1711582364271956 0.4328939858742955 0.05618177926803166 0.05618177926803166
0 0.1738335592494828 0.46120781907683533 -0.06866661910537204 -0.043251052293643455
0 0.10695048869230225 0.4375758008132981 0.08293500749090389 0.06376186059784544
0 0.037615038881358406 0.3441624456017693 0.06376186059784547 0.06420774773489334
0 0.01777306128272817 0.3894199900121282 -0.03477919668973389 -0.06732895769422845
0 0.3780498680174075 0.4458247128486838 0.06509952200898908 0.0633159734607976
0 0.39120353856031964 0.5011147178426196 0.06554540914603697 0.05885710209031887
0 0.23246771777127778 0.531435043161875 0.0664371834201327 0.050831133623457245
0 0.08733145466219595 0.555290004993936 0.07045016765356352 0.06019476350146256
0 0.17160412356424345 0.6132553328101591 0.07312549047585076 0.06643718342013276
0 0.2186452165227938 0.6130323892416352 0.06108653777555827 0.06331597346079766
0 0.10472105300706291 0.6310908182920739 0.059748876364414616 0.0637618605978455
0 0.030480844688592478 0.6085735178711565 0.05841121495327103 0.06599129628308481
0 0.03382499821645151 0.5432510522936435 0.0633159734607976 0.06108653777555834
0 0.0331561675108797 0.4785974174217022 0.06465363487194122 0.0664371834201327
0 0.09357387458086615 0.4808268531069416 0.0436969394306913 0.03879218092316472
0 0.1167600057073554 0.5091406863094813 0.04012984233430834 0.032103873867446724
0 0.022454876221730813 0.6810301776414354 0.04414282656773917 0.0637618605978455
0 0.11631411857030753 0.6948526788899194 0.06599129628308481 0.05841121495327108
0 0.06704358992651785 0.7180388100164087 0.06554540914603695 0.07357137761289854
0 0.024238424769922294 0.8689716059071129 -0.046818149390026396 -0.0865021045872868
0 0.040736248840693504 0.9530213312406365 0.05841121495327103 0.06732895769422856
0 0.0946885924234858 0.9425429835200113 0.06019476350146249 0.06599129628308481
0 0.2072750945280731 0.9193568523935222 0.09898694442462724 0.07490903902404218
0 0.20237033602054652 0.9641685096668332 0.07580081329813797 0.045034600841834985
0 0.27215167296853826 0.9630537918242135 -0.08962331454662197 0.06688307055718061
0 0.32967111364771357 0.9762074623671257 0.07089605479061145 0.04414282656773941
0 0.4099307983163302 0.9427659270885353 0.08338089462795181 0.07981379753156886
0 0.12924484554469576 0.8281729328672327 0.07580081329813795 0.07357137761289854
0 0.23090711279161022 0.7840301062994935 0.07490903902404224 0.07267960333880286
0 0.2663551401869159 0.8486837411714347 -0.0887315402725262 -0.06554540914603686
0 0.29132481986159664 0.8005279303702646 0.08159734607976028 0.07535492616109013
0 0.3472836555611044 0.7896036955125919 0.06688307055718061 0.09987871869872302
0 0.38897410287508033 0.8337465220803311 0.05395234358279229 0.044588713704787036
0 0.3604373261040166 0.8642897909681101 -0.07267960333880286 -0.060194763501462446
0 0.4371299136762503 0.8604997503032032 -0.07803024898337728 0.08204323321680818
0 0.6006954638872578 0.8651644157369347 -0.09037360540223134 -0.06881238990017619
0 0.5892267322372284 0.8176838667058133 -0.08853860833822656 0.05642615971814453
0 0.5243137110980621 0.8635587933059307 0.08716236054022304 0.06376614797416326
0 0.5428930563711099 0.9468217850851439 -0.10046608925425721 0.07890487375220215
0 0.4754213284330174 0.9674379770992366 0.08296244547437291 0.06416984732824428
0 0.34975961538461536 0.9275543159130946 0.07110613623018204 0.05780240751614788
0 0.28117660011743983 0.023359512624779834 -0.07982237228420436 0.04495742806811509
0 0.20479484732824432 0.029093878449794507 0.07844612448620084 0.05459116265413975
0 0.07496880504991195 0.01785452143276574 0.10413608338226658 0.034864944216089246
