0 0.2492978539536224 0.7079432521964569 0.10262134523980987 0.08911853665562439
0 0.3298646118392626 0.7687058908252916 -0.07291516635460178 0.05761198329252486
0 0.727356136230182 0.9626027598355843 0.14459776864357018 0.0733998825601881
0 0.7807545507927188 0.8770918966529653 0.10532883147386962 0.09028185554903115
0 0.8970933646506166 0.8558059307105108 -0.1185408103347034 0.07413388138578972
0 0.8669994128009394 0.9128743394010569 -0.11487081620669404 -0.07670287727539633
0 0.8550719318849089 0.9730622431004111 -0.09615384615384621 0.05248091603053457
0 0.9796682325308279 0.9064518496770405 0.037066940692895074 0.07633587786259542
0 0.9570977686435702 0.9288388138578978 0.05284791544333537 0.062389900176159696
0 0.9510422783323546 0.9785672342924252 0.06275689958896072 0.04147093364650637
0 0.6440839694656488 0.845582264089654 0.0944047425694331 0.08628390449894434
0 0.6346942504466461 0.7534615072275458 -0.10810865681338305 0.0715648854961832
0 0.6235280980997239 0.7960959070976124 -0.09897271398408324 0.057353418872827716
0 0.6377395647230794 0.6433226408965405 0.10607844729576092 0.08070082832548325
0 0.6220054409615072 0.7034675978560987 0.08780656163716094 0.07511775215202206
0 0.8094783715012722 0.5198791348600509 0.052162849872773503 0.05629770992366412
0 0.8474872773536896 0.552321882951654 0.060114503816793896 0.05438931297709924
0 0.7873727735368956 0.5709287531806615 0.06393129770992366 0.05470737913486009
0 0.8080470737913487 0.6157760814249363 -0.07919847328244274 -0.052162849872773503
0 0.8746819338422392 0.6079834605597965 -0.06424936386768451 0.05502544529262083
0 0.850031806615776 0.67191475826972 -0.07983460559796433 -0.08110687022900763
