0 0.10128135223555079 0.7240662486368593 0.054525627044710985 0.06815703380588868
0 0.4079880043620501 0.7155466194111232 0.04770992366412214 0.0715648854961832
0 0.6857279171210469 0.8237459105779715 0.04089422028353329 0.06304525627044709
0 0.14047164667393675 0.23077971646673945 0.07497273718647762 0.06645310796074154
0 0.2827494547437296 0.30490049073064346 0.06986095965103593 0.07497273718647768
0 0.3596440617788035 0.32065506834723945 0.035505059470974626 0.048819456772590114
0 0.4001420202378839 0.3345242322030889 0.0299573939286348 0.05880525474880173
0 0.4955618675661281 0.3999866856026984 0.05658618853186583 0.06546245339960942
0 0.5332859932540387 0.3667006923486597 0.06990058583348122 0.06324338718267353
0 0.38405379016509855 0.09708414699094621 0.04881945677259006 0.04770992366412214
0 0.499445233445766 0.1314796733534529 0.06213385407420555 0.06324338718267354
0 0.6370273388957927 0.19139446121072254 0.0554766554233978 0.06990058583348127
0 0.11166341203621516 0.11594620983490148 0.049928989881058074 0.04992898988105803
0 0.22705485531688266 0.14923220308894017 0.05214805609799393 0.06768151961654537
0 0.6974968933072963 0.37224835789099947 0.07433871826735312 0.04770992366412214
0 0.7202423220308894 0.42938931297709926 0.06657198650807745 0.04216225812178237
0 0.7912524409728385 0.44214894372448077 0.07101011894194925 0.06102432096573763
0 0.7790475767796912 0.34007189774542873 0.046600390555654216 0.06546245339960947
0 0.832859932540387 0.3395171311911948 0.054367122314929885 0.048819456772590114
0 0.9144106160127817 0.48320166873779513 0.0554766554233978 0.054367122314929885
0 0.8966580862772946 0.43826557784484294 0.05769572164033376 0.035505059470974626
0 0.9841503195455352 0.4671946851216621 0.03074516243564714 0.07339167807218985
0 0.9543538079176284 0.38112462275874315 0.046600390555654216 0.06102432096573763
0 0.8983223859399964 0.38056985620450917 0.06102432096573752 0.04216225812178237
0 0.9155201491212498 0.32675750044381324 0.0510385229895259 0.054367122314929885
0 0.9410394106160128 0.26850701224924556 0.03772412568791041 0.057695721640333784
0 0.9702811556896858 0.25610150748565 0.058483490147346044 0.06173257293330965
0 0.8705840582282975 0.25130924906799224 0.04105272501331439 0.04770992366412216
0 0.8156621693591337 0.23688531865790874 0.042162258121782314 0.04992898988105806
0 0.8478386295047046 0.21303035682584767 0.05769572164033376 0.04438132433871826
0 0.8805698562045092 0.1592180010651518 0.06768151961654527 0.04327179123025029
0 0.858933960589384 0.10263181253328597 0.03772412568791052 0.05436712231492987
0 0.8894461210722527 0.10485087875022191 0.049928989881057984 0.04105272501331439
0 0.9809826025208592 0.19028492810225459 0.02662879460323098 0.04992898988105806
0 0.9665586721107758 0.1381368720042606 0.04438132433871816 0.034395526362506645
0 0.9804278359666253 0.04770992366412215 0.034395526362506645 0.0643529202911415
0 0.9127463163500799 0.046045624001420205 0.03217646014557059 0.03661459257944257
0 0.8750221906621694 0.041052725013314396 0.03883365879637844 0.05325758920646192
0 0.9144106160127818 0.015533463518551394 0.05769572164033386 0.02662879460323096
