0 0.3213263358778626 0.18344465648854963 0.09780534351145038 0.09017175572519084
0 0.33134541984732824 0.26288167938931295 0.07967557251908397 0.08396946564885496
0 0.22423664122137404 0.2006202290076336 0.08110687022900763 0.07490458015267176
0 0.44799618320610685 0.21374045801526717 0.08874045801526717 0.08778625954198473
0 0.9050572519083969 0.6645992366412213 0.07824427480916031 0.09637404580152671
0 0.17915076335877864 0.1405057251908397 0.08158396946564886 0.10162213740458015
0 0.25811068702290074 0.5491412213740458 0.08301526717557252 0.11354961832061068
0 0.8759541984732825 0.9083969465648855 0.11354961832061068 0.12881679389312978
0 0.9425095419847328 0.916030534351145 0.08635496183206107 0.11736641221374046
0 0.9363072519083969 0.2826812977099237 0.08349236641221373 0.09971374045801527
0 0.31536259541984735 0.09661259541984733 0.09923664122137404 0.10353053435114504
0 0.7612118320610687 0.648854961832061 0.05677480916030534 0.06583969465648855
0 0.2075381679389313 0.2791030534351145 0.10591603053435114 0.10209923664122138
