0 0.8810677236249755 0.453513407711881 0.04770992366412214 0.05260324916813467
0 0.959360931689176 0.3856185163437072 0.05015658641612859 0.07339988256018788
0 0.8920777060090038 0.3336269328635741 0.05015658641612838 0.05994323742415345
0 0.9705727637502447 0.3215783931134599 0.05790027402622812 0.06031278544398772
0 0.79298786455275 0.42660011743981213 0.0403699354081032 0.045263260912115896
0 0.8333577999608534 0.40702681542376196 0.040369935408103415 0.04526326091211584
0 0.694509688784498 0.32812194167156 0.06116656880015668 0.05871990604815033
0 0.9813808964572325 0.2626737130553925 0.033029947152084474 0.050156586416128406
0 0.9379526326091212 0.24432374241534552 0.053826580544137956 0.05260324916813467
0 0.8718927383049522 0.23943041691133296 0.09297318457623803 0.10153650420825994
0 0.7846167827083856 0.30828649721779494 0.09052652182423179 0.0770698766881973
0 0.9459042865531416 0.12810726169504796 0.05015658641612838 0.062389900176159696
0 0.9667009199451948 0.04920238794284599 0.057496574672147104 0.092973184576238
0 0.8749510667449599 0.06327069876688202 0.057496574672147104 0.08196320219220983
0 0.7789195537287141 0.06694069289489141 0.08318653356821307 0.08196320219220983
0 0.745277940888628 0.1996721471912312 0.06483656292816604 0.10765316108827559
0 0.7978811900567626 0.2119054609512625 0.03547660990409071 0.14924642787238204
0 0.6192748091603053 0.29019866901546293 0.08685652769622243 0.08563319632021921
0 0.6853347034644746 0.25655705617537683 0.05260324916813462 0.08930319044822861
0 0.6211098062243101 0.20028381287923275 0.06850655705617541 0.09419651595224116
0 0.5605549031121552 0.19294382462321397 0.05015658641612838 0.09419651595224113
0 0.5091749853200236 0.23759541984732824 0.05260324916813462 0.08318653356821293
0 0.4431150910158544 0.1580788804071247 0.07217655118418466 0.08563319632021921
0 0.504281659816011 0.06082403601487574 0.05749657467214732 0.09664317870424739
0 0.5899148561362303 0.06632902720688982 0.06972988843217852 0.11988647484830689
0 0.670654726952437 0.06816402427089452 0.07217655118418477 0.1284497944803288
0 0.7194656488549618 0.38815430752453645 0.039531079607415504 0.04839149400218103
0 0.9801663031624864 0.4617639040348964 0.03748636859323898 0.05929661941112325
0 0.8223827699018539 0.3690703380588876 0.049073064340239926 0.029307524536532178
0 0.9293893129770993 0.43075245365321696 0.03680479825517992 0.027262813522355493
