0 0.7926070361765681 0.978883172917358 -0.06928310653833396 0.0410720212412878
0 0.744897112512446 0.9361516760703616 0.07675074676402266 0.07509127115831393
0 0.5548871556588117 0.9600066379024227 0.07343179555260533 0.04978426817125798
0 0.5706521739130435 0.8513109857285098 0.08089943577829413 0.07882509127115828
0 0.6490623962827746 0.8332641885164287 0.06264520411549952 0.05185861267839361
0 0.6353717225356786 0.8855376700962495 0.0867076003982741 0.06679389312977099
0 0.7276800531032193 0.833679057417856 0.09293063391968141 0.06596415532691663
0 0.7453119814138731 0.8834633255891138 0.10579156986392295 0.05600730169266519
0 0.6592266843677398 0.9400929306339196 0.09790906073680714 0.05310321938267498
0 0.4586375705277132 0.9116744108861599 0.11823763690673747 0.11574842349817462
0 0.43084135413209423 0.9741121805509457 0.08504812479256554 0.049784268171257876
0 0.8000746764022568 0.8189512114171921 0.07011284434118821 0.08380351808828411
0 0.7988300696979754 0.9346996349153667 0.07260205774975108 0.0547626949883837
0 0.9158230999004313 0.9465233986060403 0.08504812479256549 0.0792399601725854
0 0.9656073680716892 0.9452787919017589 0.06513441752406238 0.0775804845668768
0 0.8569117158977763 0.96622967142383 0.0958347162296714 0.05725190839694656
0 0.8865748423498174 0.8691503484898772 0.06471954862263525 0.06471954862263515
0 0.9533687354795882 0.7579654829074013 0.07633587786259531 0.06969797543976108
0 0.8166694324593428 0.7144042482575506 0.1157484234981745 0.07633587786259542
0 0.7122780451377364 0.7387259376037172 0.07312064387653495 0.07934367739794226
0 0.7379480584135413 0.788510205774975 0.07571357451045468 0.06067457683372054
0 0.6394166943245934 0.7649145370063061 0.07363923000331894 0.06015599070693666
0 0.6181546631264521 0.7325029040823099 0.081936608031862 0.0523771988051776
0 0.5134002655160969 0.7773606040491204 0.06949054098904742 0.04667275141055427
0 0.5699261533355461 0.7996598075008297 0.07052771324261534 0.053932957185529345
0 0.49473116495187525 0.8325900265516096 0.056007301692665136 0.06378609359442414
0 0.4327601228011948 0.8108094092266843 0.05134002655160967 0.059637404580152674
0 0.4610230667109193 0.7926588947892466 0.05185861267839361 0.0554887155658812
0 0.6215254729505476 0.6637902422834384 0.10216146697643536 0.07986226352472625
0 0.698794805841354 0.6127095087952207 0.07623216063723867 0.07000912711583135
0 0.7122780451377364 0.6575672087620311 -0.08452953866578161 -0.06741619648191173
0 0.7592100896116827 0.6189325423166279 0.07571357451045478 0.05134002655160962
0 0.6497884168602722 0.9798684865582477 0.12238632592100895 0.038893959508795095
0 0.3617869005302722 0.9157318920808811 0.08485810850183552 0.06154944350562316
0 0.33647514713594784 0.9401331507487909 0.08230872326787485 0.07174698444146609
0 0.37799370666045107 0.7982780723734048 0.06337043295845231 0.06628401608297886
0 0.2869109659424546 0.8364925866118613 0.06101365237815618 0.04816867293012336
0 0.3247577803875514 0.8016276423957722 0.05780240751614799 0.06468364650616559
0 0.5052756165590135 0.9759523634762184 0.08853860833822662 0.04541617733411623
0 0.08804315913094542 0.030057251908396976 0.06092190252495596 0.056517909571344685
0 0.13758807985907226 0.027488256018790402 -0.05431591309453906 -0.053581914268937166
0 0.06143570170287731 0.2992513211978861 0.07083088667058132 0.06495889606576631
0 0.036112742219612484 0.3502642395772167 -0.06716089254257193 -0.05615091015854377
0 0.022900763358778657 0.3054903112155021 0.0436729301233118 0.06128890193775689
0 0.11006312389900182 0.2418159130945391 0.0778038755137992 0.060921902524955954
0 0.02879110393423372 0.1979352893544925 -0.05758220786846744 0.07592049062912586
0 0.10624065475722043 0.4854607696545212 0.0609900055087747 0.06295742504131581
0 0.1411623514598253 0.517677264499882 0.04328322971590463 0.06836782875580388
0 0.38807350279373576 0.034429841819469585 0.10230581569213815 0.06885968363893917
0 0.4660325017706776 0.08976351617218856 0.06640040922326279 0.06640040922326278
0 0.4274218934445581 0.11952073660187298 0.06492484457385689 0.06295742504131581
0 0.24346816715196348 0.019674195325411193 0.08263162036672698 -0.03738097111828126
0 0.30814708428425275 0.02656016368930511 -0.07427008735342724 -0.051152907846069094
0 0.3032285354529 0.06049815062563941 -0.07525379711969782 -0.05607145667742189
0 0.19379082395530026 0.10943771149759976 0.06099000550877469 0.07230266782088612
0 0.27986542850397417 0.12198001101754938 -0.08459903989926809 0.0659085543401275
0 0.36520225072794527 0.20362792161800583 -0.07525379711969782 0.07968049106791532
0 0.38684386558589756 0.4539820571338632 0.07525379711969782 0.07082710317148025
0 0.6282700060039456 0.1018526460245304 0.07397718500729053 0.09434771421219658
0 0.6858971609915088 0.13348057294793722 -0.09059524830602962 0.07612145123938586
0 0.5374067244189038 0.056286988592503646 0.11632644309117421 0.08898704863195814
0 0.5400527754217321 0.7158726792950713 0.08481764206955049 0.0830506078597682
0 0.39839553293751767 0.7214682876260484 0.08776269908585428 0.0730374140043351
0 0.4711384412402224 0.6855385920271416 0.08363961926302894 0.0718593911978135
0 0.5927692960135708 0.5182593535010838 0.10896710960324196 0.08717368768259348
0 0.5356351898972764 0.5321011214777118 0.0700923569880313 0.0748044482141174
0 0.4870417491282631 0.5073626425407597 0.09895391574780887 0.08658467627933279
0 0.39368344171143155 0.5989539157478089 0.10896710960324191 0.09777589294128737
0 0.47437800395815666 0.613679200829328 0.11014513240976345 0.08599566487607199
0 0.6166242578456318 0.5939473188200923 0.10366600697389496 0.08540665347281129
0 0.8892696044413602 0.7953461138098542 -0.12686502428868834 -0.10951596113809853
0 0.8623050116163292 0.029248257550614006 0.08919681380683696 0.05351808828410222
0 0.9017175572519083 0.04957683372054431 0.04770992366412214 0.049369399269830735
0 0.9573099900431462 0.026966478592764683 -0.08255891138400273 -0.05310321938267507
0 0.8529704613342183 0.2792067706604713 0.08380351808828411 0.06140059741121803
0 0.792192167275141 0.4001410554264852 0.08338864918685698 0.05268835048124791
0 0.7361848655824759 0.3663292399601726 0.06513441752406238 0.05808164619980087
0 0.7484234981745768 0.49369399269830727 0.07052771324261534 0.07633587786259542
0 0.6698058413541319 0.4858114835711914 0.11491868569532025 0.0730169266511782
0 0.8884417524062395 0.5855874543644208 -0.08338864918685687 0.06264520411549952
0 0.8239296382343179 0.5053103219382674 -0.10288748755393297 0.08712246929970127
0 0.6310127575028756 0.2561957544703545 0.08953780194499635 0.07581302938408448
0 0.8662962830848255 0.414166726118285 0.05618177926803166 0.06866661910537207
0 0.9416512092459158 0.4355693086965827 0.0882856531354785 0.0597488763644146
0 0.5643982458989767 0.1408457852850414 0.09643495208705545 0.07562530453142763
0 0.5793710410914407 0.19769165177846354 0.09897271398408312 0.06547425694331653
0 0.7227545882735098 0.19033214227708298 0.08526879974013317 0.08628390449894428
0 0.7093044502192626 0.2908275133993828 0.08780656163716094 0.06699691408153319
0 0.6032260029235017 0.32153443235341883 0.10506334253694985 0.07968572356667207
0 0.6712380217638461 0.41568539873314925 0.09592739970764981 0.11673704726327756
0 0.5968815981809322 0.4103560987493909 0.08323859022251102 0.06953467597856096
0 0.5440961507227545 0.3882775702452493 0.08526879974013317 0.06293649504628875
0 0.511718226864872 0.3171119592875318 0.09123476630507554 0.09876791214677914
0 0.4828411678050087 0.4133688228204098 0.09374581491897672 0.09039775010044196
0 0.433875719833936 0.36775143966787194 0.10630105798848265 0.06947234498459887
0 0.26521695460024103 0.37737712602115975 0.08872371769117447 0.06863532877996519
0 0.414868901427149 0.2860521075340192 0.08463325589113836 0.06928310653833385
0 0.38499834052439424 0.32297543976103543 0.0746764022568868 0.061815466312645215
0 0.5073846664454031 0.21324261533355457 0.08463325589113836 0.08380351808828411
0 0.4466063723863259 0.23917192167275136 0.08504812479256554 0.07094258214404246
0 0.49556090275472947 0.16283604381015596 0.0950049784268171 0.06679389312977096
0 0.9109559333795976 0.3280057251908397 -0.09650416377515623 0.0921668979875087
0 0.8031170483460559 0.11185326547921967 0.10708227311280742 0.08481764206955046
0 0.8516221374045801 0.17308100084817643 -0.11397370653095845 0.10125106022052585
0 0.23382884692647646 0.7109280835676978 0.11969331726262217 0.12471541449042456
0 0.3330152671755725 0.6619626355966252 0.09876791214677914 0.09374581491897678
0 0.32171554841301725 0.731016472478907 0.09458283112361053 0.0929087987143431
0 0.2673094951118254 0.6067195660907995 0.1046270255792152 0.0903977501004419
0 0.2277630268835048 0.5248091603053435 0.06388981081978096 0.05642217059409221
0 0.31426319283106535 0.5214902090939263 0.07675074676402255 0.06886823763690678
0 0.1902173913043478 0.5644291403916362 0.07260205774975108 0.0701128443411881
0 0.25759688784497947 0.42054462712859664 0.06532589547856722 0.04991192014092779
0 0.30860980622431006 0.4286186142102173 0.05431591309453903 0.05431591309453903
0 0.2603493834409865 0.46990604815032294 0.07963887257780387 0.06495889606576626
0 0.9387469639139487 0.8902238029146426 -0.06776977793199176 0.06722761970853568
0 0.8289599236641222 0.6630595072866066 0.05530013879250525 0.050962873004857814
0 0.9097414989590563 0.6660413775156141 0.10409437890353924 0.09379337265787643
0 0.895645385149202 0.724865544760583 -0.07048056904927134 0.06831193615544763
0 0.9655837959750173 0.5982715995836225 0.0661433032616238 0.07319136016655105
0 0.9512166030534351 0.5177611034004164 0.0742756766134628 0.06505898681471206
0 0.8983561762664817 0.4738462873004857 0.0715648854961832 0.06505898681471195
0 0.8810071131158917 0.5427003816793893 0.08240804996530188 0.0639746703678001
0 0.9406194950088079 0.20625366999412797 0.11523781561949507 0.11597181444509687
0 0.9538314738696417 0.12661479741632412 0.09028185554903115 0.08147386964180857
0 0.7743687610099823 0.24882560187903693 0.09982384028185558 0.08220786846741043
0 0.23487962419260128 0.17212272460364061 0.05284791544333527 0.06238990017615972
0 0.3185554903112155 0.18937169700528478 0.07339988256018794 0.05871990604815033
0 0.2770845566647093 0.26203758073987077 0.07560187903699353 0.0763358778625954
0 0.31892248972401643 0.29139753376394595 0.07266588373458606 0.06605989430416911
0 0.23891661773341163 0.2869935408103347 0.0814738696418086 0.0836758661186142
0 0.7724858944573514 0.017217059409226687 0.08131430467972114 0.03360438101559907
0 0.766885164288085 0.07094258214404248 0.07675074676402255 0.05559243279123796
0 0.9645753816793893 0.3124403625954199 -0.06858301526717557 0.10973282442748092
0 0.9702409351145038 0.38609255725190844 -0.05486641221374046 0.07096851145038167
