0 0.8260178117048347 0.7917645331767469 0.03547660990409093 0.05137991779213161
0 0.9251076531610883 0.8939127030730084 0.028136621648072208 0.04770992366412214
0 0.6614797416324134 0.8633294186729301 0.03180661577608157 0.037923272656097066
0 0.7801428851047172 0.7721912311606969 0.02201996476805617 0.04159326678410653
0 0.7770845566647094 0.7342679585045998 0.015903307888040567 0.03180661577608146
0 0.5770698766881973 0.8596594245449207 0.03669994128009384 0.037923272656097066
0 0.39112350753572134 0.8027745155607752 0.034253278528087704 0.03669994128009394
0 0.48532002348796244 0.7544529262086515 0.02446662752006263 0.06483656292816593
0 0.504281659816011 0.8486494421608926 0.037923272656096955 0.028136621648071992
0 0.5636132315521629 0.7568995889606577 0.02935995302407533 0.05994323742415345
0 0.633954785672343 0.6510814249363867 0.040369935408103415 0.05871990604815033
0 0.462076727343903 0.6431297709923665 0.05137991779213161 0.033029947152084474
0 0.27796535525543165 0.6816647093364651 0.040369935408103415 0.046486592288119015
0 0.31650029359953036 0.5605549031121551 0.03180661577608146 0.02935995302407511
0 0.33546192992757884 0.5110099823840282 0.03547660990409082 0.045263260912115896
0 0.2180221178312782 0.47798003523194366 0.05015658641612838 0.05504991192014097
0 0.1776521824231749 0.5183499706400471 0.045263260912115896 0.05015658641612849
0 0.16358387159913884 0.6510814249363867 0.05382658054413785 0.05382658054413785
0 0.12260227050303399 0.6798297122724604 0.03547660990409082 0.05015658641612838
0 0.03146408299080063 0.5373116069680955 0.04403992953611267 0.06850655705617541
0 0.09201898610295564 0.4486200822078685 0.06483656292816593 0.06728322568017223
0 0.0785623409669212 0.3880651790957135 0.08930319044822857 0.061166568800156626
0 0.01923076923076932 0.32261695047954586 0.034253278528087704 0.062389900176159745
0 0.10853395967899794 0.5489332550401252 0.039146604032100296 0.045263260912115896
0 0.06021237032687424 0.21068212957525936 0.04281659816010965 0.04893325504012529
0 0.12260227050303399 0.12504893325504016 0.05994323742415345 0.08563319632021921
0 0.21190546095126256 0.08773732628694464 0.05015658641612849 0.040369935408103345
0 0.2541103934233706 0.023512429046780227 0.05382658054413774 0.04159326678410648
0 0.8449794480328832 0.969147582697201 0.02446662752006263 0.03669994128009384
0 0.7104129966725387 0.7844245449207281 0.03669994128009405 0.05871990604815033
0 0.1246156700593723 0.23026664546225617 0.06692642069550467 0.024517599660729444
0 0.38270540917672163 0.6966674874825576 0.032832635639825955 0.032832635639825955
0 0.6343367807600755 0.8259459903143724 0.023085446934252695 0.044118854141016184
0 0.8844291225478125 0.9701017811704834 0.023598456866124943 0.022572437002380447
0 0.874681933842239 0.8592916358860707 0.028728556184847754 0.025650496593614045
0 0.5702105392760403 0.6404928999425429 0.0271895263892309 0.02000738734301888
0 0.4573483542641385 0.7751580070590166 0.024111466797997246 0.01949437741114663
0 0.43144135270458833 0.7251395387014692 0.02975457604859225 0.03129360584420911
