0 0.7201996476805638 0.6718780583284399 0.07095321980818164 0.06605989430416906
0 0.7923761988647485 0.6608680759444119 0.06361323155216292 0.08807985907222544
0 0.574623213936191 0.7795312194167157 0.046486592288119015 0.08073987081620672
0 0.6951213544724996 0.7880945390487375 0.04281659816010944 0.08073987081620661
0 0.6321197886083383 0.8455911137208847 0.04893325504012526 0.05382658054413774
0 0.8712810726169505 0.7587345860246624 0.062389900176159585 0.04893325504012526
0 0.43577510275983566 0.6682080642004306 0.09174985320023502 0.07339988256018788
0 0.35870522607163835 0.6033715012722646 0.05994323742415345 0.08073987081620672
0 0.43944509688784505 0.5758465453121941 0.06483656292816593 0.07217655118418477
0 0.5134566451360345 0.5752348796241926 0.061166568800156466 0.05871990604815033
0 0.22780876883930323 0.5623899001761596 0.08685652769622232 0.07706987668819724
0 0.15318555490311223 0.5232432961440595 0.05749657467214721 0.06483656292816604
0 0.0895723233509494 0.4584067332158936 0.10398316696026623 0.07462321393619106
0 0.5795165394402036 0.4406684282638481 0.08807985907222533 0.07584654531219419
0 0.6333431199843415 0.3556468976316305 0.0856331963202193 0.10398316696026623
0 0.7079663339205324 0.3691035427676649 0.051379917792131496 0.06728322568017223
0 0.028405754550792778 0.20273047563123897 0.04770992366412214 0.09419651595224113
0 0.3892885104717166 0.14156390683108244 0.06972988843217852 0.09664317870424739
0 0.30426697983949896 0.43455177138383244 0.07339988256018788 0.07095321980818164
0 0.4694167155999218 0.3611518888236446 0.07584654531219423 0.09541984732824428
0 0.5483215893521238 0.35014190643961635 0.0795165394402035 0.09297318457623803
0 0.05103738500685078 0.04125073399882563 0.08318653356821296 0.07951653944020355
0 0.9724077608142494 0.6971188252348796 0.054230279898218756 0.08473481234096696
0 0.9379526326091213 0.8388627911528674 0.046486592288119015 0.040369935408103304
0 0.5923615188882365 0.898806028577021 0.03792327265609717 0.03547660990409082
0 0.9766491430217484 0.415832493158577 0.03330692784099111 0.061212732248307644
0 0.98516041336598 0.34103593547457867 0.0287249747947574 0.05744994958951452
0 0.030552354889817144 0.32131283306927844 0.04590954918623072 0.0774161025493303
0 0.3721734120697105 0.5130527149647127 0.07561572807143883 0.06841423015987332
0 0.47254428921215613 0.45994166786691637 0.08731816217773292 0.08641797493878735
0 0.2128402707763215 0.2492978539536224 0.09361947285035288 0.10082097076191848
0 0.3150115223966585 0.2456971049978396 0.09091891113351576 0.10982284315137546
0 0.39962912285755436 0.25379879014835083 0.07291516635460178 0.10982284315137546
0 0.28620553075039606 0.3514691055739594 0.03690767679677373 0.08371741322195013
0 0.24974794757309524 0.12102117240386004 0.055811608814633415 0.1467305199481492
0 0.3181621777329685 0.13722454270488266 0.05401123433674202 0.09992078352297276
0 0.11562004897018585 0.1457763214748668 0.1080224686734841 0.10442171971770126
0 0.2182413942099957 0.13992510442171976 0.09541984732824425 0.09632003456718997
0 0.28395506265303183 0.02380095059772437 0.03780786403571942 0.038708051274665124
0 0.20383839838686454 0.3456178885208124 0.07921647702722166 0.07201497911565605
0 0.20608886648422878 0.4153823995391041 0.0585121705314706 0.05671179605357912
0 0.11336958087282159 0.28350496903355904 0.09271928561140717 0.06481348120409043
0 0.11516995535071299 0.34651807575975807 0.04230880023044793 0.05041048538095924
0 0.12867276393489852 0.04720581881031259 0.06031254500936196 0.08551778769984157
0 0.37892481636180325 0.31906236497191415 0.0441091747083393 0.011702434106294088
0 0.22544289212156132 0.49144822123001586 0.03780786403571939 0.03960823851361083
0 0.3649719141581449 0.458141293389025 0.016203370301022608 0.03420711507993663
0 0.9082349128618752 0.7025421287627828 0.03510730231888237 0.03150655336309953
