0 0.22829198473282442 0.24642175572519084 0.050095419847328244 0.055820610687022904
0 0.15553435114503816 0.20896946564885496 0.042938931297709926 0.04198473282442748
0 0.11736641221374046 0.21254770992366412 0.03435114503816794 0.044370229007633585
0 0.22638358778625955 0.3416030534351145 0.05868320610687023 0.07633587786259542
0 0.4255725190839695 0.44537213740458015 0.06774809160305344 0.06631679389312978
0 0.23926526717557253 0.39599236641221375 0.10162213740458015 0.08015267175572519
0 0.37166030534351147 0.5865935114503816 0.09637404580152671 0.11402671755725191
0 0.39479961832061067 0.7049141221374046 0.09112595419847329 0.09112595419847329
0 0.7421278625954199 0.5708492366412213 0.10734732824427481 0.10830152671755726
0 0.11855916030534351 0.8132156488549618 0.07490458015267176 0.0892175572519084
0 0.5176526717557252 0.7740935114503816 0.10114503816793893 0.07395038167938932
0 0.5424618320610687 0.829675572519084 0.08396946564885496 0.06679389312977099
0 0.9360687022900763 0.6340648854961832 0.11164122137404581 0.10400763358778627
0 0.8771469465648855 0.6731870229007634 0.06631679389312978 0.08301526717557252
0 0.7838740458015268 0.6667461832061069 0.10114503816793893 0.11402671755725191
0 0.944895038167939 0.7006202290076335 0.10162213740458015 0.10257633587786259
0 0.7900763358778626 0.9439408396946565 0.09732824427480916 0.11020992366412213
0 0.40935114503816794 0.923425572519084 0.0868320610687023 0.09685114503816794
0 0.15338740458015268 0.5956583969465649 0.06822519083969465 0.10162213740458015
0 0.9580152671755725 0.3869274809160305 0.07824427480916031 0.12118320610687022
0 0.9470419847328244 0.4661259541984733 0.09541984732824428 0.08301526717557252
0 0.04222328244274809 0.14002862595419846 0.03959923664122137 0.044370229007633585
0 0.14813931297709923 0.3845419847328244 0.05104961832061069 0.07347328244274809
0 0.5085877862595419 0.5999522900763359 0.07061068702290077 0.07967557251908397
0 0.7068225190839694 0.42748091603053434 0.059637404580152674 0.08778625954198473
0 0.1696087786259542 0.3198950381679389 0.05200381679389313 0.061545801526717556
