0 0.06743002544529259 0.8025604325699744 0.04532442748091602 0.04691475826972007
0 0.13859732824427476 0.613708651399491 0.044529262086513983 0.03498727735368964
0 0.08810432569974551 0.7210559796437659 0.026240458015267174 0.04134860050890578
0 0.40219465648854963 0.7739344783715012 0.02783078880407121 0.029421119592875355
0 0.5870706106870229 0.7631997455470737 0.02067430025445289 0.03021628498727732
0 0.633985368956743 0.8912213740458015 0.01749363867684471 0.03975826972010175
0 0.8347646310432569 0.8629930025445293 0.03737277353689564 0.03419211195928746
0 0.7592239185750635 0.6781170483460559 0.08826335877862596 0.10337150127226456
0 0.7377544529262087 0.5838899491094147 0.10257633587786259 0.10734732824427481
0 0.878498727735369 0.6025763358778626 0.05327608142493631 0.08746819338422389
0 0.9444974554707378 0.632395038167939 0.07236005089058528 0.1280216284987277
0 0.25151081424936383 0.37754452926208654 0.08587786259541988 0.09064885496183206
0 0.3274491094147583 0.37833969465648853 0.07395038167938932 0.0588422391857506
0 0.30995547073791346 0.45268765903307884 0.09303435114503816 0.07236005089058517
