0 0.8673664122137404 0.08492366412213738 0.07713104325699749 0.06838422391857507
0 0.060273536895674266 0.08373091603053431 0.09303435114503816 0.10416666666666666
0 0.45268765903307884 0.13939249363867684 0.0858778625954198 0.07713104325699745
0 0.19465648854961828 0.30637722646310434 0.08826335877862596 0.07872137404580153
0 0.3954357506361323 0.40895356234096697 0.058842239185750655 0.07713104325699743
0 0.5151081424936386 0.32665394402035625 0.10416666666666663 0.09223918575063615
0 0.143368320610687 0.4896628498727735 -0.08110687022900763 -0.08110687022900757
0 0.03244274809160301 0.20260814249363865 0.0580470737913486 0.10178117048346061
0 0.19187340966921115 0.2189090330788804 0.08110687022900763 0.07395038167938937
0 0.07220101781170479 0.29643765903307884 0.1359732824427481 0.07474554707379133
0 0.5103371501272264 0.45586832061068705 0.0946246819338422 0.08826335877862596
0 0.568781806615776 0.5186863867684479 0.11609414758269716 0.067589058524173
0 0.3270515267175573 0.523854961832061 0.10178117048346053 0.08905852417302797
0 0.40577290076335876 0.5282283715012723 0.07315521628498724 0.10575699745547072
0 0.47773536895674296 0.5564567430025444 0.08667302798982181 0.06997455470737907
0 0.05391221374045797 0.4447360050890585 0.09939567430025445 0.09780534351145033
0 0.13144083969465647 0.37873727735368956 0.09541984732824428 0.08349236641221373
0 0.2862595419847328 0.034112595419847326 0.10591603053435114 0.06345419847328244
0 0.19131679389312978 0.151956106870229 0.11641221374045801 0.05677480916030534
0 0.4073632315521628 0.21612595419847325 0.10655216284987279 0.07792620865139951
0 0.30478689567430023 0.31711195928753183 0.11609414758269722 0.11291348600508903
0 0.23163167938931298 0.40974872773536897 0.10019083969465652 0.07872137404580153
0 0.2797391857506361 0.1799459287531806 0.0628180661577608 0.0691793893129771
0 0.5026836832061069 0.1919728053435115 0.07514312977099231 0.07872137404580153
0 0.38877624045801534 0.09714933206106875 0.1180820610687023 0.07991412213740458
0 0.5172948473282443 0.07836354961832066 0.08647423664122132 0.07693225190839695
0 0.5778268129770993 0.26920324427480924 0.08587786259541985 0.09124522900763359
0 0.6353769083969466 0.06762881679389318 0.07216125954198473 0.08289599236641221
0 0.5936307251908397 0.19137643129770998 0.0805104961832061 0.09184160305343511
0 0.7081345419847328 0.08581822519083974 0.05665553435114504 0.11331106870229007
0 0.662511927480916 0.3395753816793894 0.1049618320610687 0.09124522900763359
0 0.6708611641221374 0.2301407442748092 0.09541984732824428 0.09064885496183206
