0 0.3361959287531807 0.6530693384223918 0.0755407124681934 0.07713104325699738
0 0.6972010178117048 0.6534669211195928 0.07236005089058517 0.08269720101781167
0 0.7727417302798981 0.677719465648855 0.06758905852417306 0.05804707379134864
0 0.726224554707379 0.8685591603053435 0.0715648854961832 0.07713104325699749
0 0.28530534351145037 0.9214376590330788 0.08031170483460556 0.10178117048346064
0 0.3103530534351145 0.7206583969465649 0.07474554707379139 0.04691475826972007
0 0.3930502544529262 0.7067430025445293 0.06838422391857508 0.06520356234096684
0 0.4137245547073792 0.9417143765903307 0.07951653944020354 0.09144402035623403
0 0.5218670483460559 0.9381361323155216 0.05884223918575071 0.06838422391857514
0 0.34653307888040713 0.8427162849872774 0.09303435114503816 0.0715648854961832
0 0.7898377862595419 0.9305820610687023 0.08905852417302802 0.08031170483460556
0 0.9349554707379134 0.6729484732824428 0.09780534351145038 0.06758905852417306
0 0.6900445292620865 0.2880884223918575 0.0564567430025446 0.07395038167938932
0 0.6900445292620865 0.38152035623409675 0.08667302798982181 0.08269720101781172
0 0.41849554707379133 0.44036259541984735 0.08587786259541985 0.05566157760814253
0 0.7604166666666666 0.3902671755725191 0.06997455470737907 0.06838422391857503
0 0.7580311704834605 0.2908715012722647 0.06997455470737907 0.08269720101781172
0 0.2574745547073791 0.02290076335877859 0.09780534351145041 0.041348600508905854
0 0.7540553435114504 0.028864503816793858 0.05725190839694656 0.05327608142493639
0 0.8387404580152672 0.09168256997455466 0.050095419847328244 0.06599872773536895
0 0.8105120865139949 0.20737913486005088 0.06202290076335878 0.06520356234096693
0 0.9190521628498728 0.17159669211195924 0.06281806615776074 0.06202290076335878
0 0.8399332061068703 0.3051844783715013 0.08587786259541985 0.08269720101781172
0 0.8606075063613231 0.20618638676844783 0.06679389312977099 0.08508269720101785
0 0.8486800254452925 0.4324109414758269 0.10178117048346064 0.08269720101781172
0 0.20578880407124678 0.058683206106870195 0.09462468193384228 0.06679389312977099
0 0.8192589058524172 0.021708015267175536 0.06043256997455474 0.03737277353689567
0 0.882474554707379 0.026876590330788767 0.08031170483460556 0.042938931297709926
0 0.9722089694656488 0.039568437981578955 0.054627862595419845 0.07309361896570252
0 0.9642573155216284 0.34966912284421825 0.07053117048346064 0.06034333474696079
0 0.3870865139949109 0.6013835877862596 0.07076972010178119 0.07872137404580153
