0 0.03244274809160305 0.03482824427480916 0.05629770992366412 0.06774809160305344
0 0.30104961832061067 0.7275763358778626 0.06297709923664122 0.09255725190839695
0 0.9556297709923665 0.808206106870229 0.07251908396946564 0.11068702290076336
0 0.8645038167938931 0.7958015267175572 0.05438931297709924 0.07061068702290077
0 0.42843511450381677 0.7523854961832062 0.09255725190839695 0.08874045801526717
0 0.12643129770992367 0.4126908396946565 0.07442748091603053 0.05629770992366412
0 0.7571564885496184 0.05916030534351145 0.0648854961832061 0.04961832061068702
0 0.8144083969465649 0.029580152671755726 0.1431297709923664 0.05725190839694656
0 0.01049618320610687 0.3568702290076336 0.016221374045801526 0.07251908396946564
0 0.09064885496183206 0.3435114503816794 0.0715648854961832 0.0916030534351145
0 0.16793893129770993 0.3163167938931298 0.10400763358778627 0.07347328244274809
0 0.24236641221374045 0.1808206106870229 0.08492366412213741 0.07347328244274809
0 0.03816793893129771 0.48759541984732824 0.06965648854961833 0.07251908396946564
0 0.08301526717557252 0.16221374045801526 0.07538167938931298 0.06297709923664122
0 0.15076335877862596 0.2032442748091603 0.09446564885496184 0.08778625954198473
0 0.1407442748091603 0.07061068702290077 0.07633587786259542 0.06679389312977099
0 0.1431297709923664 0.13120229007633588 0.10019083969465649 0.07538167938931298
0 0.02719465648854962 0.23520992366412213 0.04770992366412214 0.08110687022900763
0 0.09780534351145038 0.2538167938931298 0.11068702290076336 0.07442748091603053
0 0.20849236641221375 0.0868320610687023 0.06679389312977099 0.05343511450381679
0 0.2342557251908397 0.16603053435114504 0.08587786259541985 0.06297709923664122
0 0.2752862595419847 0.06393129770992366 0.05343511450381679 0.05343511450381679
0 0.33158396946564883 0.10925572519083969 0.08206106870229007 0.0715648854961832
0 0.3244274809160305 0.040553435114503815 0.10019083969465649 0.07538167938931298
