0 0.12189885496183202 0.028864503816793858 0.05407124681933841 0.03101145038167939
0 0.18710241730279897 0.07021310432569973 0.06997455470737915 0.0755407124681934
0 0.27019720101781175 0.13382633587786258 0.0357824427480916 0.07395038167938932
0 0.39384541984732824 0.19227099236641215 0.044529262086513956 0.04134860050890586
0 0.4423505089058525 0.12150127226463099 0.05089058524173032 0.05725190839694655
0 0.6614185750636132 0.0877067430025445 0.040553435114503815 0.048505089058524166
0 0.7305979643765903 0.020117684478371468 0.038963104325699674 0.0357824427480916
0 0.4304230279898219 0.015346692111959253 0.039758269720101796 0.024650127226463106
0 0.4888676844783714 0.02926208651399487 0.06917938931297704 0.05089058524173028
0 0.5989980916030534 0.038804071246819304 0.06997455470737918 0.044529262086514
0 0.5477099236641222 0.13382633587786258 0.040553435114503815 0.032601781170483436
0 0.49562659033078876 0.2618479643765903 0.0524809160305343 0.045324427480916085
0 0.5735527989821882 0.30756997455470736 0.036577608142493674 0.02862595419847328
0 0.9194497455470737 0.524650127226463 0.044529262086513956 0.04930025445292617
0 0.9118956743002544 0.591444020356234 0.061227735368956815 0.05089058524173032
