0 0.5379090478726553 0.39699834309722465 0.08617373809101124 0.08025622817918218
0 0.6429448488076218 0.3964435765429907 0.10244689034854125 0.10059766850109475
0 0.6161311320196462 0.47743949346115155 0.07618794011479972 0.0621338540742056
0 0.6825181963429788 0.5035135215101485 0.08543404935203265 0.08025622817918218
0 0.6002278241316054 0.5332859932540387 0.1072548671519025 0.08950233741641511
0 0.5937555476655424 0.6052207231197112 0.12093910882300733 0.09578969169773362
0 0.6719776318125333 0.6335138173856442 0.08950233741641522 0.12796615184330432
0 0.8341543878335996 0.4539543759985798 0.05510681105390846 0.05214805609799393
0 0.9299440795313332 0.44470826676134684 0.07729747322326765 0.10170720160956273
0 0.8062311379371561 0.5756331735605656 0.06657198650807745 0.06398307592165216
0 0.7977247174389017 0.6512663471211314 0.11835019823658204 0.0983786022841588
0 0.6484925143499616 0.892589798212912 0.1431297709923664 0.1446091484703237
0 0.688435706254808 0.7561172258713532 0.15940292324989644 0.12093910882300722
0 0.8295313332149832 0.7962453399609444 0.11317237706373166 0.12352801940943252
0 0.9597165512752235 0.7690617788034795 0.07396887389786388 0.1224184863009645
0 0.07856234096692115 0.8685499141961063 0.14460914847032366 0.11132315521628496
0 0.3145674300254453 0.9651717557251909 0.07824427480916031 0.06202290076335878
