0 0.4905574109414759 0.7827409351145038 0.07951653944020359 0.0884621501272265
0 0.4517930979643766 0.713660941475827 0.07355279898218833 0.06957697201017808
0 0.5407522264631043 0.7171397900763359 0.0884621501272265 0.1063533715012723
0 0.583989344783715 0.8334327290076335 0.09541984732824428 0.08448632315521624
0 0.5949228689567431 0.9025127226463104 0.08548027989821887 0.06758905852417296
0 0.622256679389313 0.9591682569974557 0.11231711195928747 0.05963740458015278
0 0.8140903307888041 0.9402830788804072 0.0884621501272265 0.08150445292620861
0 0.6056509754028837 0.6480597964376591 0.06361323155216281 0.09011874469889739
0 0.655348812553011 0.5851092027141646 0.06096268023748942 0.059637404580152674
0 0.8232681743597061 0.6025540415210102 0.0771384747092815 0.06732895769422834
0 0.7075604622957837 0.8506902332881502 0.10879646143968037 0.09898694442462722
0 0.8243828922023256 0.8460084183491474 0.07758436184632944 0.0700042805165156
0 0.8141274880502247 0.7329760291075123 0.10879646143968037 0.08204323321680818
0 0.5118160091317686 0.32900228294214173 0.06866661910537207 0.050831133623457245
0 0.6152618249268744 0.34639188128700865 0.07134194192765923 0.07223371620175502
0 0.6999803809659699 0.4085931369051866 0.08293500749090386 0.09140686309481344
0 0.5720107726332311 0.2861971177855462 0.07223371620175502 0.0633159734607976
0 0.7483591353356639 0.47146322322893636 0.08427266890204749 0.0771384747092816
0 0.7541556681172861 0.5519458514660769 0.07981379753156875 0.07134194192765923
0 0.6678765070985232 0.5127077834058643 0.09006920168366986 0.08561033031319107
0 0.7216059071127916 0.7797941784975387 0.08338089462795181 0.06866661910537197
0 0.8698633801812085 0.7046621959049726 0.0597488763644146 0.12618605978454725
0 0.7443439539772098 0.637515211859719 0.10440867352583254 0.09956853634251575
0 0.6731247925655491 0.7153031308773095 0.14036397831618547 0.08643102113065601
0 0.5552328797433345 0.5618016373492642 0.08712246929970123 0.09749419183538001
