0 0.4678606098045272 0.051295062436570615 0.06811763667652121 0.061223139037197186
0 0.5442516436482372 0.054880201209019104 0.05818956007589456 0.059016899792613514
0 0.653874156113489 0.14905903896218506 0.06949653620438594 0.053777081586727275
0 0.7250253717513127 0.05722433040638927 0.060671579226051306 0.06094735913162424
0 0.604785332921502 0.03171468914089044 0.04853726338084098 0.05350130168115431
0 0.7905230993248908 0.19745841239023962 0.03392092838547402 0.03971230640250629
0 0.8067941137536955 0.1425782111812205 0.049916162908705826 0.06508405771521862
0 0.8932511141508185 0.263921369633323 0.056259100736883935 0.05294974187000841
0 0.9368243392313463 0.32500661871773373 0.05681066054802983 0.0537770815867273
0 0.9078674491461854 0.17608546970833516 0.04467634470281961 0.04384900498610071
