0 0.11036895674300252 0.052946378700428225 0.1012381307019177 0.07874076832371377
0 0.06343480419537018 0.29285359647489606 0.08882579283808105 0.08921367839632595
0 0.2313892509154099 0.17978495624650906 0.09735927511946878 0.08339539502265253
0 0.22518308198349157 0.10608670017997891 0.07718922609073423 0.08805002172159125
0 0.2515592999441445 0.039758269720101776 0.06244957487742816 0.07175882827530565
0 0.3031480791907155 0.052558493142183325 0.08339539502265245 0.0934804195370198
0 0.4292108856203065 0.04635232421026501 0.12916589089555025 0.08805002172159127
0 0.4241683733631229 0.1349841742692236 0.1307174331285297 0.07912865388195868
0 0.21761931359771614 0.5366396698318128 0.1016260162601626 0.09348041953701983
0 0.33126978216347047 0.4540200459256501 0.1481722832495501 0.09580773288648914
0 0.3551247439955315 0.5281061875504252 0.12373549308012159 0.08417116613914234
0 0.6270325203252033 0.06943151492583628 0.10201390181840736 0.10395332960963197
0 0.7030580897412028 0.07874076832371378 0.0795165394402037 0.10085024514367281
0 0.7096521442313659 0.3337755228697325 0.12528703531310117 0.13304474647799913
0 0.6101594985415504 0.3099205610376714 0.0768013405324893 0.08068019611493826
0 0.7984779370694471 0.049455408676224166 0.10278967293489731 0.09270464842053001
0 0.8789641904052629 0.15961490721777447 0.12334760752187673 0.09968658846893813
0 0.8289269533916713 0.268998634642835 0.09309253397877484 0.1175293241482033
0 0.9276438279649972 0.25387109787128403 0.08261962390616265 0.09658350400297899
0 0.9041767516911811 0.3842006454415689 0.08300750946440741 0.07098305715881591
0 0.780247315831937 0.46585055545211945 0.10744429963383595 0.11015949854155034
0 0.7536771550921615 0.5523490349407311 0.09154099174579537 0.07990442499844846
0 0.6867668962949172 0.6006407869422206 0.12683857754608086 0.08494693725563207
0 0.8551092285732017 0.6111136970148328 0.10046235958542789 0.06787997269285669
0 0.857824427480916 0.48291752001489485 0.1004623595854281 0.1016260162601626
0 0.9324923974430585 0.4610019859740582 0.12179606528889704 0.10123813070191767
0 0.9565413020542419 0.5888102774157512 0.0674920871346116 0.10860795630857077
0 0.455393160801837 0.25484081176689627 0.1698938745112642 0.12567492087134613
