0 0.40403799444829974 0.15193442054129078 0.048794240111034 0.06505898681471199
0 0.45940471407526445 0.04508169278157226 0.08537565287263954 0.06528726396143028
0 0.46944890853086907 0.10911343243605197 0.04687290745948839 0.06277621534752914
0 0.5456173831525377 0.11580956207312174 0.05022097227802332 0.08119057184947101
0 0.4623342707914825 0.17774876121601715 0.04938395607338957 0.0426878264363198
0 0.4752275396359366 0.24218291250734003 0.045874926600117404 0.06422489724016443
0 0.5830336171462125 0.17199427480916035 0.041287433940105644 0.057802407516147965
0 0.6238623018203171 0.16648928361714627 0.05413241338813863 0.07431738109219026
0 0.5412874339401057 0.22039232237228423 0.03486494421608926 0.05000366999412802
0 0.5763817527891956 0.263285378743394 0.04725117439812091 0.062389900176159696
0 0.5284424544920728 0.26970786846741046 0.0467924251321198 0.05596741045214328
0 0.6640028625954199 0.21282295948326482 0.052756165590135067 0.07064738696418084
0 0.7190527745155607 0.17382927187316505 0.06835364063417496 0.09174985320023486
0 0.793370155607751 0.18644487668819734 0.07661112742219613 0.09679609512624779
0 0.7557527157956547 0.25823913681738114 0.08211611861421017 0.04312243100411041
0 0.9032406048150322 0.2800297269524369 0.042204932472108096 0.03991118614210219
0 0.9693004991192015 0.24080666470933648 0.02477246036406352 0.02660745742806809
0 0.7908470346447446 0.3791195684086906 0.04862742219612448 0.0591786553141515
0 0.7000146799765119 0.38990017615971817 0.039452436876101074 0.062389900176159696
0 0.7429077363476217 0.40916764533176747 0.059178655314151556 0.05871990604815033
0 0.8158488696418086 0.6114760716382854 0.058261156782149215 0.04770992366412214
0 0.8601181738109219 0.6273029213153258 0.04403992953611267 0.050921168526130385
0 0.9135624633000586 0.5963373458602466 0.058261156782149104 0.04495742806811512
0 0.9612723869641808 0.5791342483852026 0.044498678802114 0.03624119201409283
0 0.9376467997651203 0.647258514386377 0.0715648854961832 0.06789489136817374
0 0.9108099677040518 0.6970328097475044 0.08211611861421017 0.050921168526130385
0 0.8488788167938931 0.7121715355255431 0.05734365825014676 0.07752862595419847
0 0.7968107751027598 0.6887753229594833 0.07339988256018788 0.08762110980622433
0 0.8098851291837932 0.7495596007046388 0.05459116265413975 0.02660745742806809
0 0.833969465648855 0.7869476658837345 0.05413241338813852 0.06284864944216081
0 0.7887826629477392 0.794517028772754 0.050003669994128044 0.04862742219612448
0 0.7486421021726365 0.8454381972988843 0.06789489136817374 0.08807985907222556
0 0.8156194950088079 0.9197555783910745 0.04862742219612448 0.015597475044039896
0 0.6589566206694069 0.8803031415149736 0.11055857310628306 0.0871623605402231
0 0.627302921315326 0.7534589694656488 0.05550866118614209 0.051838667058132726
0 0.6662966089254256 0.7034552994715209 0.04174618320610687 0.04266368173810932
0 0.723410892542572 0.653910378743394 0.040369935408103415 0.03440619495008815
0 0.681205960070464 0.6509285085143863 0.0201849677040516 0.021102466236054048
0 0.7332740017615972 0.7474952290076335 0.05459116265413985 0.09129110393423369
0 0.9507211538461539 0.34264900176159724 0.032571197886083356 0.04403992953611272
0 0.8291525983558427 0.9605842630651791 0.06927113916617741 0.0578024075161481
0 0.7543764679976512 0.9270955666470934 0.04358118027011155 0.032112448620082244
0 0.9252605695830887 0.974576115678215 0.05413241338813863 0.04174618320610698
0 0.6612503669994128 0.9553086465061656 0.05459116265413975 0.05275616559013517
0 0.6197335584263065 0.9784754844392248 0.049544920728126815 0.040369935408103304
0 0.5057343658250146 0.9828336024662362 0.057343658250146715 0.030736200822078893
0 0.540599310041104 0.9837511009982384 0.01697372284204346 0.029818702290076337
0 0.45389569876688196 0.8979649882560187 0.08853860833822667 0.08945610687022901
0 0.4458675866118615 0.9743467410452142 0.05963740458015262 0.04587492660011756
0 0.40251578097475044 0.9204437022900763 0.04908617146212565 0.04449867880211389
0 0.35985209923664124 0.9463630358191426 0.0747761303581914 0.0559674104521432
0 0.35847585143863775 0.9887973429242514 0.07569362889019374 0.020643716970052715
0 0.2905809600704639 0.8202069876688197 0.04266368173810921 0.06605989430416906
0 0.34356650029359953 0.8791562683499707 0.0715648854961832 0.05642615971814443
0 0.2841584703464475 0.9080574721080445 0.08945610687022901 0.12340355255431593
0 0.25502789195537295 0.9821454785672344 0.04679242513211982 0.02844245449207299
0 0.1692211354961832 0.8475966125954199 0.06261927480916031 0.06112833969465649
0 0.12486581583969465 0.8162869751908397 0.07976502862595419 0.0790195610687023
0 0.13791149809160305 0.7614951097328244 0.10734732824427481 0.05591006679389313
0 0.04994632633587786 0.7577677719465649 0.04025524809160305 0.07380128816793893
0 0.031309637404580155 0.7987684875954199 0.049200858778625955 0.05740100190839695
0 0.033173306297709926 0.8658605677480916 0.05591006679389313 0.07380128816793893
0 0.06783754770992366 0.9314617127862596 0.07603769083969465 0.052928196564885496
0 0.09020157442748092 0.5069179389312977 0.10287452290076336 0.11331106870229007
0 0.12412034828244274 0.46889909351145037 0.08721970419847329 0.1148020038167939
