0 0.11301950805767606 0.2897229290359062 0.0857011591744416 0.11132315521628498
0 0.18988549618320616 0.30783502968617477 0.07509895391574783 0.08040005654509469
0 0.18193384223918577 0.2318525586655358 0.0627297144472717 0.0998374328527
0 0.22390090472151547 0.2897229290359062 0.06361323155216284 0.07244840260107435
0 0.021737106684043953 0.04151927015453361 0.0349097002420406 0.06981940048408117
0 0.616947495810836 0.034537330106125495 0.04770992366412214 0.06516477378514242
0 0.7175011225864392 0.04207828169435715 0.05425834455919774 0.07671007334231403
0 0.6847590181110612 0.0916591827570723 0.050516389762011726 0.06922616374794191
0 0.720775333033977 0.13048196377787757 0.05706481065708722 0.05519383325849424
0 0.755388414907948 0.16883700044903457 0.06829067504864535 0.058935788055680303
0 0.8840181110612184 0.029449184253854233 0.05425834455919774 0.051451878461308186
0 0.9415506660679539 0.026642718155964692 0.051451878461308144 0.04770992366412214
0 0.9345345008232302 0.09867534800179616 0.08045202813950013 0.08325849423738961
0 0.8362868047982551 0.13120229007633588 0.054525627044710985 0.060659760087241
0 0.876840239912759 0.16391766630316248 0.06747546346782994 0.048391494002181006
0 0.8604825517993456 0.2123091603053435 0.05248091603053435 0.04157579062159213
0 0.866957470010905 0.2569520174482006 0.05452562704471109 0.04362050163576879
0 0.8563931297709922 0.3125 0.0715648854961832 0.07292802617230094
0 0.9729416575790621 0.18538713195201745 0.047028353326063296 0.06270447110141765
0 0.9719193020719737 0.24400218102508175 0.05043620501635783 0.04770992366412211
0 0.9593102508178843 0.29750545256270444 0.06883860414394763 0.06202290076335878
0 0.9582878953107961 0.37997546346782984 0.08042529989094879 0.07429116684841873
0 0.9739640130861504 0.4409760087241003 0.04089422028353329 0.03816793893129771
0 0.9749863685932387 0.5053844056706652 0.03748636859323887 0.06202290076335878
