0 0.2652789558005843 0.10948543963811144 0.04770992366412211 0.048298935067382885
0 0.421661483366318 0.03939308265008017 0.07421543681085666 0.07068136839129206
0 0.38219771934784663 0.15159975497125627 0.0765714824238997 0.08894072189237583
0 0.44816699651305253 0.1837008764489681 0.05301102629346903 0.06007916313259822
0 0.4849802092168504 0.10065026858919994 0.05831212892281587 0.0589011403260767
0 0.5550725662048819 0.015243615116388717 0.03475167279238525 0.027094524549995287
0 0.6207473376684572 0.1301008387522383 0.055367071906512126 0.05890114032607671
0 0.5942418245217227 0.13451842427669403 0.042408821034775245 0.03475167279238524
0 0.5774549995287908 0.18075581943266428 0.03475167279238525 0.07068136839129203
0 0.6175077749505231 0.18929648477994537 0.06420224295542362 0.06066817453585902
0 0.6661012157195364 0.1660305343511451 0.06125718593911982 0.07657148242389973
0 0.6929012345679012 0.024962303270191374 0.0700923569880313 0.044175855244557534
0 0.6787649608896429 0.04999528790877397 0.05595608330977282 0.04594288945433982
0 0.6722858354537744 0.09888323437941764 0.0700923569880313 0.0553670719065121
0 0.7199957591178965 0.053823862029968965 0.032395627179342155 0.03710771840542833
0 0.7724177740081047 0.030852417302799046 0.07833851663368199 0.05595608330977288
0 0.8227782489869003 0.03674253133540672 0.058901140326076726 0.059490151729337484
0 0.7688837055885401 0.089164546225615 0.07833851663368199 0.057134106116294416
0 0.7462067665630007 0.14777118085006133 0.07421543681085671 0.06714729997172744
0 0.794800207332014 0.18340637074733773 0.0665582885684666 0.061846197342380546
0 0.8416266138912449 0.14158656111582324 0.06125718593911971 0.06066817453585901
0 0.8451606823108095 0.08887004052398459 0.05654509471303362 0.053011026293469043
0 0.8466332108189615 0.24083498256526248 0.06538026576194511 0.08481764206955046
0 0.8869804919423241 0.1978371501272265 0.05301102629346903 0.048298935067382885
0 0.9234991989444915 0.18458439355385925 0.06596927716520591 0.05124399208368673
0 0.9205541419281876 0.2620393930826501 0.06714729997172741 0.06714729997172744
0 0.9776655495562588 0.28975051200893687 0.036073356916775226 0.0775771116489791
0 0.9796049773474835 0.22788276546887606 0.03684912803326507 0.06710420157636693
0 0.9737866939738099 0.13071743312852976 0.04848569478061198 0.0698194004840812
0 0.9123068329919941 0.12935983367467263 0.07602556941599957 0.057019177061999625
0 0.8888397567181778 0.0800983677775709 0.05934649041146905 0.04460683919816297
0 0.9431437348724633 0.06341928877304041 0.05314032147955062 0.06322534599391795
0 0.9776655495562588 0.06477688822689753 0.041503754732203704 0.057407062620244524
0 0.9245252280767082 0.0215276484825917 0.08106808167318318 0.03917644138273444
0 0.9805746912430955 0.015709365108918266 0.03568547135853025 0.026764103518897787
