0 0.0654421119592875 0.030852417302798942 0.08826335877862596 0.049300254452926205
0 0.15609096692111957 0.021708015267175536 0.053276081424936395 0.0357824427480916
0 0.20578880407124678 0.04874363867684475 0.058842239185750655 0.059637404580152674
0 0.2924618320610687 0.043972646310432545 0.08905852417302802 0.06599872773536898
0 0.3604484732824427 0.041189567430025414 0.07872137404580153 0.06997455470737915
0 0.40696564885496184 0.0741889312977099 0.0715648854961832 0.08508269720101781
0 0.46541030534351147 0.09565839694656485 0.11052798982188293 0.11370865139949109
0 0.5918416030534351 0.0562977099236641 0.07236005089058528 0.0954198473282443
0 0.6546596692111959 0.06424936386768444 0.08031170483460556 0.07951653944020357
0 0.49363867684478363 0.17358460559796435 0.07156488549618316 0.07076972010178119
0 0.5799141221374046 0.20896946564885494 0.059637404580152674 0.042938931297709926
0 0.6482983460559796 0.1839217557251908 0.06758905852417296 0.05168575063613231
0 0.6634064885496184 0.23640267175572516 0.059637404580152674 0.04691475826972012
0 0.722248727735369 0.28053435114503816 0.08031170483460567 0.10337150127226469
0 0.6940203562340966 0.3127385496183206 0.06361323155216281 0.0691793893129771
0 0.6331902035623409 0.32267811704834604 0.09621501272264635 0.10814249363867683
0 0.5886609414758269 0.32387086513994906 0.061227735368956815 0.04691475826972012
0 0.9055343511450382 0.32069020356234096 0.11132315521628496 0.10734732824427481
0 0.7763199745547074 0.35885814249363873 0.07076972010178113 0.056456743002544545
0 0.8653784987277353 0.42366412213740456 0.09303435114503816 0.06520356234096696
0 0.8892334605597964 0.47415712468193383 0.07236005089058517 0.056456743002544545
0 0.9560273536895674 0.5099395674300254 0.07076972010178124 0.12325063613231554
0 0.8880407124681934 0.5357824427480916 0.07633587786259542 0.07792620865139946
0 0.8284033078880407 0.47773536895674296 0.06838422391857514 0.06997455470737907
0 0.8311863867684478 0.5520833333333333 0.07395038167938932 0.07236005089058528
0 0.7818861323155216 0.43718193384223913 0.0564567430025446 0.08269720101781172
0 0.724634223918575 0.4495069974554708 0.06758905852417296 0.07713104325699743
0 0.6268288804071247 0.44791666666666663 0.09144402035623403 0.1152989821882951
0 0.5799141221374046 0.46461513994910936 0.06440839694656489 0.09621501272264624
0 0.5286259541984732 0.5206743002544529 0.06202290076335878 0.0858778625954198
0 0.4590489821882952 0.5536736641221374 0.05804707379134858 0.07395038167938932
0 0.5063613231552162 0.5759382951653943 0.05566157760814242 0.07395038167938932
0 0.5556615776081424 0.6244433842239185 0.07792620865139946 0.1152989821882951
0 0.7270197201017812 0.5278307888040712 0.09144402035623403 0.0858778625954198
0 0.6447201017811705 0.547312340966921 0.09064885496183206 0.08349236641221373
0 0.702369592875318 0.611323155216285 0.09303435114503816 0.06361323155216292
0 0.7950063613231552 0.6248409669211196 0.07474554707379127 0.06838422391857503
0 0.8896310432569974 0.6244433842239185 0.07792620865139946 0.051685750636132385
0 0.767175572519084 0.6884541984732825 0.08428753180661581 0.07315521628498724
0 0.8538486005089058 0.7170801526717557 0.06679389312977099 0.08269720101781167
0 0.9103053435114504 0.6940203562340966 0.06997455470737918 0.09064885496183206
0 0.9611959287531806 0.7079357506361322 0.06679389312977099 0.09939567430025452
0 0.947280534351145 0.7946087786259542 0.09303435114503816 0.07872137404580153
0 0.9309796437659034 0.8379452926208651 0.09541984732824438 0.07315521628498735
0 0.8900286259541985 0.8753180661577608 0.0946246819338422 0.07792620865139946
0 0.927798982188295 0.9405216284987277 0.10973282442748092 0.09382951653944013
0 0.6717557251908397 0.9723282442748091 0.09382951653944024 0.05248091603053435
0 0.6244433842239185 0.9365458015267175 0.09939567430025452 0.06361323155216281
0 0.4439408396946565 0.9731234096692112 0.08985368956742994 0.04930025445292628
0 0.4833015267175573 0.9031488549618321 0.11291348600508903 0.06202290076335878
0 0.6709605597964376 0.8828721374045801 0.1176844783715012 0.06440839694656489
0 0.7127067430025444 0.8121024173027989 0.10257633587786259 0.07872137404580153
0 0.6276240458015268 0.8454993638676844 0.10734732824427481 0.07395038167938932
0 0.5063613231552162 0.8152830788804071 0.09541984732824423 0.09462468193384231
0 0.5946246819338422 0.7667779898218828 0.08587786259541985 0.08031170483460556
0 0.5954198473282443 0.6820928753180661 0.06838422391857503 0.10814249363867688
0 0.8443066157760813 0.9643765903307888 0.07792620865139946 0.06997455470737907
0 0.6463104325699744 0.6983937659033078 0.06997455470737918 0.09462468193384231
0 0.35488231552162847 0.8825313522355507 0.04089422028353324 0.05679752817157397
0 0.38072519083969464 0.8376613049800073 0.04487004725554344 0.05111777535441656
0 0.3557342784442021 0.7959151217739004 0.06077335514358411 0.06304525627044709
0 0.4145197201017811 0.7973350599781898 0.05452562704471104 0.06361323155216281
0 0.4679093965830607 0.7328698655034532 0.07042893493275171 0.08008451472191931
0 0.5096555797891675 0.685443929480189 0.07213286077789892 0.08065249000363503
0 0.38839285714285715 0.632906215921483 0.04998182479098512 0.06758905852417306
0 0.347214649218466 0.6899877317339149 0.05282170119956383 0.06702108324245734
0 0.3568702290076336 0.7465012722646309 0.07099691021446748 0.07554071246819334
0 0.23049572882588149 0.7189544711014177 0.08860414394765542 0.06702108324245734
0 0.2875772446383133 0.6780602508178845 0.059637404580152674 0.0931479462013813
0 0.283885405307161 0.5993956743002544 0.05793347873500546 0.08462831697564518
0 0.321087786259542 0.5343625045438022 0.060773355143584167 0.05338967648127955
0 0.37788531443111595 0.5570815158124318 0.06531715739731007 0.05111777535441667
0 0.1907374591057797 0.6306343147946202 0.09655579789167577 0.07213286077789892
0 0.20948064340239908 0.5613413304252999 0.07610868774990912 0.06758905852417306
0 0.26059841875681566 0.4863685932388222 0.08746819338422392 0.07099691021446743
0 0.3432388222464558 0.46904534714649215 0.07781261359505638 0.06929298436932022
0 0.03937204652853504 0.5823564158487823 0.05395765176299528 0.07667666303162479
0 0.3173959469283897 0.3926526717557252 0.07042893493275171 0.06304525627044709
0 0.08651399491094144 0.4565498909487459 0.07099691021446747 0.07610868774990912
0 0.16205470737913485 0.46819338422391854 0.07894856415848782 0.09485187204652851
0 0.19471328607778987 0.3841330425299891 0.07383678662304616 0.07099691021446748
0 0.2588944929116685 0.38981279534714647 0.05225372591784803 0.07213286077789892
0 0.06010314431115955 0.3895288077062886 0.07270083605961469 0.04657397310069065
0 0.14018765903307884 0.33187931661214104 0.03862231915667029 0.05622955288985825
0 0.20607279171210469 0.30518447837150126 0.08065249000363506 0.05168575063613228
0 0.1793779534714649 0.2483869501999273 0.0715648854961832 0.05168575063613231
0 0.3173959469283896 0.3049004907306434 0.06588513267902579 0.08292439113049802
0 0.08253816793893128 0.25548664122137404 0.07554071246819338 0.07042893493275171
0 0.24923891312250093 0.23731143220647033 0.061341330425299885 0.055661577608142505
0 0.30234460196292257 0.19045347146492184 0.06190930570701566 0.05509360232642676
0 0.16120274445656121 0.17994592875318063 0.07042893493275174 0.07270083605961469
0 0.22680388949472916 0.15268311523082512 0.06758905852417303 0.07270083605961468
0 0.24412713558705923 0.20408487822609958 0.06020537986186839 0.07099691021446745
0 0.03994002181025078 0.1577948927662668 0.04827789894583789 0.08633224282079244
0 0.08594601962922571 0.15183115230825153 0.05963740458015268 0.07781261359505633
0 0.15438704107597234 0.12229643765903304 0.06815703380588876 0.03805434387495456
