0 0.026596602515858464 0.314986291796581 0.021167078808730245 0.019151166541232122
0 0.11899258144285557 0.3297696484249006 0.06618911944952159 0.056781528867863695
0 0.19341334265132779 0.35043274916675626 0.06921298785076879 0.07190087087409955
0 0.244987098161488 0.4171258466831524 0.04670196753037307 0.050733792065369286
0 0.2869852704010321 0.41175008063649077 0.05274970433286742 0.06215729491452531
0 0.32142377163745833 0.4542522309429094 0.04972583593162027 0.059133426513278166
0 0.33956698204494146 0.368239974196323 0.05375766046661649 0.045694011396624004
0 0.20718874314589827 0.44921245027416407 0.06652510482743793 0.060477368024943516
0 0.10202531985807975 0.40570234383399634 0.0739167831415977 0.06820503171701967
0 0.034156273518976404 0.49927427158370075 0.045694011396624025 0.04770992366412219
0 0.10521718094828507 0.4663477045478981 0.06887700247285237 0.06921298785076874
0 0.18904553273841518 0.5384165681109558 0.06786904633910333 0.06282926567035799
0 0.19425330609611866 0.5962060531125686 0.07694065154284482 0.06215729491452531
0 0.2527147618535641 0.5817586818621654 0.05745349962369637 0.05879744113536172
0 0.15275911192344907 0.6430760133318998 0.07996451994409204 0.06383722180410711
0 0.15107918503386727 0.7059052790022579 0.08399634447908828 0.05980539726911084
0 0.1028652833028706 0.7485754219976347 0.05745349962369637 0.04972583593162027
0 0.04641973981292329 0.8162764756477799 0.062157294914525325 0.0715648854961832
0 0.31470406407913126 0.6474438232448124 0.05980539726911084 0.04636598215245668
0 0.32444764003870546 0.6943137834641436 0.05375766046661649 0.05812547037952915
0 0.3079843565208042 0.7500873561982583 0.07593269540909582 0.04334211375120953
0 0.3768613589936566 0.7653746908934523 0.05308568971078381 0.05846145575744538
0 0.4299470487044404 0.7121210084937104 0.04972583593162027 0.05610955811203101
0 0.46623346951940653 0.7413517363724331 0.04367809912912592 0.029902698634555365
0 0.39735646704655414 0.6499637135791851 0.06114933878077625 0.04468605526287499
0 0.3694696806794968 0.5926782066444469 0.038974303838296975 0.04367809912912587
0 0.42020347274486614 0.594694118911945 0.048381894419954816 0.06182130953660898
0 0.4951282120202129 0.6294686055262875 0.09743575959574236 0.0534216750887001
0 0.5435101064401678 0.7085931620255888 0.05442963122244922 0.050397806687452945
0 0.584668315234921 0.7521032684657564 0.04401408450704231 0.06081335340285986
0 0.5487178797978711 0.7971253091065478 0.0628292656703581 0.048045909042038586
0 0.44120255886463816 0.5112017524997313 0.04938985055370388 0.050733792065369286
0 0.504703795290829 0.4401408450704226 0.046701967530373124 0.03695839157079884
0 0.5364544135039243 0.48314697344371577 0.06316525104827432 0.05375766046661649
0 0.6159149553811417 0.5511840124717772 0.04468605526287499 0.06215729491452531
0 0.6676567035802602 0.6282926567035804 0.07290882700784866 0.08399634447908824
0 0.6829440382754542 0.7300962262122352 0.0698849586066014 0.08735619825825185
0 0.7133507149768843 0.8157724975809053 0.07559671003117936 0.07727663692076127
0 0.7367016987420707 0.8764178582948071 0.06518116331577246 0.07290882700784855
0 0.591388022793248 0.8271960004300614 0.03662240619288245 0.039646274594129595
0 0.602811525642404 0.8722180410708527 0.058125470379529046 0.055101601978282004
0 0.531414632835179 0.8775938071175142 0.06518116331577258 0.06249328029244165
0 0.6095312332007311 0.932527416406838 0.05207773357703475 0.04334211375120953
0 0.6802561552521234 0.8977529297924954 0.05510160197828189 0.05106977744328563
0 0.7392215890764433 0.9625981077303516 0.04468605526287499 0.06249328029244176
0 0.7862595419847328 0.9615901515966025 0.05543758735619834 0.07190087087409955
0 0.9327491667562628 0.8204762928717342 0.0379663477045478 0.05241371895495108
0 0.9347650790237608 0.8732259972046017 0.05409364584453277 0.0698849586066014
0 0.8334654875819804 0.8142605633802817 0.05980539726911084 0.0809724760778411
0 0.9231735834856467 0.9530225244597357 0.05644554348994724 0.072236856252016
0 0.9440046769164606 0.38537522847005695 0.08399634447908814 0.09541984732824428
0 0.8143143210407483 0.5083458767874423 0.10012364261907322 0.0839963444790883
0 0.5374623696376734 0.3227139554886571 0.05711751424578003 0.056109558112030965
0 0.6271704655413396 0.3601763251263305 0.08399634447908824 0.07996451994409202
0 0.8699199010859048 0.14682561014944628 0.08903612514783364 0.09945167186324051
0 0.6960474680141921 0.08298838834533921 0.08802816901408451 0.10549940866573487
