0 0.7126692352009218 0.4167326803975227 0.08371741322195007 0.08821834941667865
0 0.741925320466657 0.489422799942388 0.07741610254933019 0.08146694512458598
0 0.6395290220365837 0.5265555235488982 0.05716188967305196 0.09181909837246155
0 0.7000666138556819 0.5605375918190985 0.0828172259830044 0.0769660089298574
0 0.8062887080512746 0.5850676940803687 0.09271928561140723 0.08191703874405871
0 0.8260928273080801 0.6557323923376063 0.08191703874405871 0.08101685150511315
0 0.7617294397234625 0.6660845455854818 0.0558116088146335 0.07561572807143883
0 0.9217377214460608 0.781533558980268 0.049060204522540826 0.05446132795621492
0 0.967422223822555 0.7669055163474002 0.04140861299150204 0.06301310672619906
0 0.6579828604349705 0.6273764943108167 0.07516563445196604 0.07651591531038462
0 0.7095185798646119 0.775232248307648 0.0882183494166786 0.07336525997407468
0 0.7738819674492294 0.8238423592107158 0.07381535359354736 0.08776825579720582
0 0.6208501368284604 0.740349992798502 0.05851217053147054 0.07471554083249315
0 0.63975406884632 0.8321690911709636 0.07651591531038451 0.0882183494166786
0 0.9629212876278266 0.8557990061932883 0.06841423015987315 0.0724650727351289
0 0.9023836958087282 0.9309646406452543 0.058962264150943224 0.06796413654040048
0 0.673060996687311 0.9282640789284171 0.07291516635460178 0.08056675788564013
0 0.7426004608958663 0.9190371597292237 0.04005833213308368 0.03960823851361089
0 0.754077848192424 0.9712480195880744 0.05761198329252486 0.04500936194728509
0 0.5569368428633156 0.4979745787123723 0.07831628978827598 0.06706394930145479
0 0.5580620769119976 0.5616628258677806 0.07426544721302025 0.05401123433674202
0 0.4471139997119401 0.5411835661817659 0.08101685150511315 0.08236713236353162
0 0.451839982716405 0.6305271496471266 0.09586994094771706 0.08551778769984156
0 0.5249801958807432 0.6660845455854819 0.05581160881463339 0.08371741322195018
0 0.5477099236641222 0.7745571078784389 0.07426544721302036 0.09812040904508132
0 0.4486893273800951 0.7167200777761775 0.10757237505401125 0.0715648854961832
0 0.4126818378222671 0.3728485524989198 0.09316937923088002 0.0832673196024773
0 0.36339658648998996 0.4363117528445917 0.06391329396514474 0.05716188967305202
0 0.4455386720437851 0.43158576984012675 0.0724650727351289 0.048610110903067875
0 0.36654724182629994 0.6086976091026934 0.07471554083249315 0.06256301310672617
0 0.2519984156704595 0.07128582745211008 0.066163762062509 0.1048718133371741
0 0.17300698545297424 0.10661817658072882 0.09271928561140717 0.11612415382399538
0 0.06565965720869946 0.12642229583753425 0.0886684430361515 0.09722022180613567
0 0.14982716405012247 0.21734120697105 0.0715648854961832 0.07201497911565602
0 0.2808044073167219 0.19371129194872536 0.07426544721302025 0.08146694512458592
0 0.378249675932594 0.25244850928993234 0.05671179605357907 0.07651591531038454
0 0.21891653463920502 0.2092395218205387 0.08191703874405877 0.06571366844303614
0 0.05283198905372322 0.21576587930289504 0.06931441739881897 0.06166282586778051
0 0.037528805991646305 0.28530534351145037 0.061212732248307616 0.07471554083249315
0 0.14240061932882045 0.2727027221662106 0.07291516635460173 0.05671179605357912
0 0.23939579432521965 0.29475730952038026 0.0715648854961832 0.07111479187671031
0 0.31951245859138705 0.2929569350424888 0.08146694512458587 0.06571366844303617
0 0.17998343655480345 0.3334653607950454 0.0715648854961832 0.062112919487253324
0 0.25762458591387016 0.36677228863603634 0.05941235777041622 0.05851217053147054
0 0.2936320754716982 0.4180829612559413 0.08191703874405877 0.07831628978827593
0 0.17863315569638488 0.39017715684862453 0.08956863027509723 0.08641797493878724
0 0.0856888232752413 0.4374369868932738 0.09632003456718996 0.1107230303903212
0 0.22026681549762353 0.4930235488981709 0.141329396514475 0.10577200057611984
0 0.3026339478611551 0.6113981708195305 0.08911853665562433 0.10217125162033705
0 0.3012836670027366 0.7095185798646119 0.1044217197177012 0.08686806855826013
0 0.20316325795765525 0.8485975082817226 0.07201497911565605 0.061662825867780484
0 0.35101901195448654 0.8436464784675213 0.10037087714244558 0.11117312400979398
0 0.1840342791300591 0.7837840270776322 0.06436338758461758 0.07606582169091172
0 0.48807251908396954 0.8839298574103414 0.09632003456718996 0.09722022180613564
0 0.12034603197465077 0.6888142733688607 0.1602333285323347 0.09316937923088002
