0 0.9925132119788609 0.980891563906831 0.08807985907222567 0.08440986494421608
0 0.9099383440986494 0.9698815815228029 0.06728322568017228 0.05260324916813462
0 0.831645136034449 0.9845615580348404 0.11621648072029754 0.08685652769622232
0 0.7403123679156702 0.9961403895087101 0.10237067437117232 0.08310090037189269
0 0.6634370718340183 1.0004648659228812 0.1076531610882757 0.07217655118418488
0 0.6726120571540419 0.9209483264826777 0.09419651595224116 0.08685652769622232
0 0.738671951458211 0.9295116461146995 0.07706987668819724 0.07217655118418477
0 0.7814885496183206 0.8903650420825994 0.0623899001761598 0.045263260912115896
0 0.8506067723624975 0.896481698962615 0.0856331963202193 0.09664317870424739
0 0.9264533176746917 0.9001516930906244 0.0856331963202191 0.07462321393619101
0 0.9674349187707965 0.86712174593854 0.09664317870424728 0.07951653944020359
0 0.930123311802701 0.7435652769622235 0.08318653356821286 0.08930319044822867
0 0.9686582501467996 0.8084018398903895 0.07706987668819736 0.09664317870424739
0 0.8524417694265022 0.7839352123703268 0.08440986494421619 0.11132315521628496
0 0.6530387551379917 0.8218584850264239 0.0795165394402037 0.07217655118418477
0 0.8701800743785476 0.696467018986103 0.0856331963202193 0.09052652182423179
0 0.9619299275787824 0.6487570953219808 0.08563319632021921 0.08807985907222556
0 0.9038216872186338 0.6401937756899588 0.12844979448032876 0.09297318457623803
0 0.8610050890585241 0.548443922489724 0.13334311998434123 0.12477980035231954
0 0.9038216872186338 0.5044039929536113 0.10398316696026634 0.08807985907222561
0 0.9839070757486786 0.4860082864018932 0.10756752789195553 0.11490167752095226
0 0.7472352710902329 0.5398806028577021 0.10398316696026612 0.09541984732824428
0 0.6671070659620277 0.5588422391857507 0.10031317283225698 0.08440986494421608
0 0.8065668428263847 0.8010618516343707 0.09297318457623803 0.08196320219220984
0 0.43027011156782147 0.5431591309453906 0.09468584850264239 0.10569583088667064
0 0.37375220199647685 0.55857310628303 0.08881385789782732 0.09688784497944804
0 0.33852025836758665 0.4895772166764533 0.09321785085143862 0.10129183793305933
0 0.38953317674691723 0.3416764533176747 0.04257193188490895 0.05945390487375221
0 0.18071051086318266 0.5013211978860833 0.09321785085143865 0.10129183793305933
0 0.0985026423957722 0.4514092777451556 0.09321785085143862 0.10569583088667059
0 0.04932472108044629 0.455079271873165 0.08734586024662358 0.11743981209630067
0 0.04125073399882563 0.30864650616559014 0.07706987668819729 0.08734586024662361
0 0.08051967116852617 0.36553141514973575 0.09541984732824428 0.1306517909571345
0 0.12345860246623608 0.32883147386964184 0.07853787433940107 0.08661186142102173
0 0.178508514386377 0.309380504991192 0.07706987668819733 0.10642982971227247
0 0.19502348796241928 0.41617733411626545 0.09688784497944804 0.0836758661186142
0 0.24530240751614799 0.437096300645919 0.06972988843217852 0.09468584850264239
0 0.2588813857897828 0.38901937756899585 0.08220786846741043 0.08073987081620672
0 0.41926012918379335 0.248825601879037 0.07706987668819736 0.07193188490898415
0 0.11905460951262481 0.1823987081620669 0.09321785085143862 0.09028185554903112
0 0.06657369348209045 0.13762477980035231 0.1012918379330593 0.11376981796829125
0 0.0893276570757487 0.07303288314738697 0.0983558426306518 0.11376981796829126
0 0.17263652378156197 0.04220493247210804 0.11230182031708748 0.07853787433940106
0 0.32273928361714627 0.12184380504991192 0.06899588960657664 0.06165590135055784
0 0.3704492072812684 0.15377275396359366 0.0836758661186142 0.066793893129771
0 0.38953317674691723 0.08294186729301233 0.07046388725778041 0.0557839107457428
0 0.4926600117439813 0.1978126834997064 0.062389900176159696 0.044773928361714635
0 0.512110980622431 0.23781561949500882 0.08807985907222544 0.04697592483852023
0 0.579638872577804 0.24221961244862011 0.09395184967704051 0.07486788021139168
0 0.6768937169700529 0.273047563123899 0.06679389312977099 0.07193188490898413
0 0.6890046975924838 0.18056371109806224 0.08954785672342921 0.10422783323546682
0 0.7224016441573694 0.1115678214914856 0.06532589547856722 0.11450381679389311
0 0.7561655901350558 0.04624192601291838 0.04770992366412214 0.06899588960657663
0 0.7888285378743394 0.13689078097475044 0.07193188490898413 0.059453904873752204
0 0.8699354081033471 0.188270698766882 0.06972988843217852 0.09908984145625366
0 0.9198473282442748 0.2227686435701703 0.06532589547856733 0.08587786259541985
0 0.9040663534938345 0.0631238990017616 0.08367586611861426 0.08807985907222549
0 0.5260569583088668 0.11487081620669407 0.07633587786259531 0.06532589547856724
0 0.5957868467410452 0.09541984732824428 0.05431591309453903 0.051379917792131524
0 0.4827510275983558 0.673076923076923 0.07339988256018788 0.11009982384028194
0 0.31833529066353494 0.8459336465061656 0.03523194362889018 0.060921902524955926
0 0.5374339401056959 0.5549031121550205 0.07119788608338229 0.051379917792131496
0 0.5785378743394011 0.5332501467997651 0.04477392836171471 0.04770992366412214
0 1.016753523194363 0.23326767418551436 0.04187463300058728 0.06136799663879152
0 0.3818261890780975 0.026790957134468583 0.06826189078097476 0.05064591896652965
