0 0.8023616412213741 0.059577767175572574 0.08408874045801527 0.10854007633587787
0 0.8065362595419847 0.19346374045801532 0.10555820610687022 0.12225667938931298
0 0.6317986641221374 0.034231870229007685 -0.17831583969465647 -0.06739026717557252
0 0.6007872137404581 0.023198950381679444 0.01968034351145038 0.02743320610687023
0 0.6282204198473282 0.030653625954198526 0.01848759541984733 0.0423425572519084
0 0.9571207061068703 0.03631917938931303 -0.0357824427480916 -0.06679389312977099
0 0.13382633587786266 0.8736283396946565 0.12822041984732824 0.11331106870229007
0 0.09864026717557257 0.953542461832061 0.08766698473282443 0.08349236641221373
0 0.2164241412213741 0.9985687022900763 0.1180820610687023 0.0757395038167939
0 0.02379532442748097 0.9932013358778626 0.04651717557251908 0.08766698473282443
0 0.03602099236641227 0.8846612595419847 0.06858301526717557 0.09720896946564886
0 0.025882633587786315 0.8154818702290076 0.048306297709923667 0.07454675572519084
0 0.1049021946564886 0.7975906488549618 0.08945610687022901 0.07335400763358779
0 0.03393368320610692 0.573055820610687 0.06679389312977099 0.06560114503816794
0 0.05301765267175578 0.6553554389312977 0.07872137404580153 0.07037213740458015
0 0.025584446564885552 0.6851741412213741 -0.050095419847328244 -0.04532442748091603
