0 0.13618124877666857 0.9539782736347622 0.10642982971227247 0.12600313172832261
0 0.20529947152084554 0.9490849481307496 0.10520649833626934 0.12355646897631638
0 0.24922068230751426 1.0108203660207478 0.149008990373494 0.05374094734781768
0 0.28298101389704433 0.9025983558426306 0.10642982971227247 0.09908984145625363
0 0.3013309845370914 0.8487717752984929 0.12600313172832261 0.07217655118418477
0 0.3423125856331962 0.8970933646506166 0.05871990604815033 0.05871990604815033
0 0.3973624975533372 0.8279751419064396 0.09786651008025063 0.11132315521628507
0 0.41693579956938737 0.9209483264826777 0.08318653356821296 0.08685652769622232
0 0.4579174006654923 0.9735515756508123 0.08440986494421619 0.07951653944020359
0 0.8506067723624976 0.7025836758661187 0.1260031317283225 0.0685065570561753
0 0.9552016050107652 0.5252006263456646 0.08318653356821275 0.07095321980818164
0 0.9142200039146603 0.5508905852417302 0.06483656292816604 0.08318653356821296
0 0.7350019573302016 0.6383587786259542 0.12967312585633187 0.0623899001761598
0 0.7356136230182031 0.6958553532981014 0.12355646897631627 0.08685652769622243
0 0.7398952828342141 0.7631385789782735 0.12722646310432562 0.11376981796829119
0 0.6310187903699354 0.8426551184184773 0.10031317283225676 0.08196320219220984
0 0.6756703855940497 0.8053435114503816 0.1308964572323352 0.08807985907222556
0 0.8475484439224896 0.8249168134664319 0.13211978860833834 0.12477980035231949
0 0.7405069485222158 0.85550009786651 0.09664317870424739 0.09786651008025052
0 0.782100215306322 0.9178899980426699 0.13578978273634768 0.08807985907222544
0 0.9903295654726951 0.9935496455057525 0.09472254844392254 0.08770606337400261
0 0.9564249363867684 0.7362252887062047 0.12477980035231949 0.12355646897631627
0 0.9799312487766686 0.7752233089482613 0.11551918183597581 0.09145268562014747
0 0.9613182618907811 0.5998238402818554 0.1027598355842631 0.11009982384028183
0 0.9952228909767077 0.6762027794088865 0.08493589743589758 0.10871794871794901
0 0.8499951066744961 0.5649588960657663 0.11499314934429442 0.1260031317283225
0 0.7723135642982971 0.575357212761793 0.10153650420825988 0.11499314934429442
0 0.6024741650536815 0.9918587296926992 0.1459837577840121 0.09166422000391464
0 0.5986018990551432 1.025500342532785 0.09419929625082275 0.024380994323742355
0 0.5698522215697788 0.9019866901546291 0.12477980035231939 0.09052652182423179
0 0.5233656292816597 0.7509052652182424 0.10520649833626934 0.1773830495204541
0 0.8165028159322644 0.9820720786846742 0.08715517189193124 0.11123752201996479
0 0.8798247448056606 0.9979753865727148 0.09146589203841111 0.07943090624388333
0 0.9460266196907419 0.9356283029947151 0.1431297709923665 0.14312977099236632
0 0.6206204736739088 0.6903503621060872 0.09419651595224116 0.12233313760031325
0 0.7019720101781171 0.9221716578586808 0.11009982384028172 0.09908984145625363
0 1.012961195928753 0.5845793241427785 0.04945928753180676 0.08205745431413403
0 0.4854423566255627 0.7729252299862986 0.10520649833626934 0.07217655118418477
