0 0.2538395129043983 0.039144856415848764 0.13404216648491457 0.06929298436932024
0 0.3384678298800436 0.11525354416575788 0.16698473282442747 0.10337150127226465
0 0.45035896037804435 0.06299981824790982 0.09541984732824428 0.08065249000363503
0 0.5202199200290802 0.05107233733187929 0.11700290803344236 0.08178844056706651
0 0.6014403853144311 0.04255270810614319 0.06815703380588889 0.08065249000363503
0 0.7547937113776808 0.039712831697564496 0.1454016721192295 0.07270083605961468
0 0.660509814612868 0.13229280261723006 0.07724463831334061 0.11473100690657942
0 0.880884223918575 0.05107233733187929 0.07497273718647773 0.0999636495819702
0 0.9802798982188297 0.052208287895310776 0.11018720465285362 0.09314794620138132
0 0.9973418756815704 0.15231592289934712 0.0806979280261724 0.11842682944100615
0 0.813295165394402 0.1442202835332606 0.11700290803344225 0.09769174845510724
0 0.5224918211559433 0.1612595419847328 0.12609051254089418 0.09087604507451837
0 0.4208242457288259 0.22089694656488548 0.09541984732824428 0.07156488549618323
0 0.6281352235550708 0.24986368593238825 0.13063431479462015 0.09314794620138134
0 0.4906852053798618 0.31461286804798255 0.09201199563794986 0.08406034169392947
0 0.5486186841148674 0.400945110868775 0.06702108324245734 0.10450745183569611
0 0.6224554707379134 0.41968829516539446 0.09428389676481283 0.08292439113049797
0 0.6542620865139949 0.3237004725554344 0.08974009451108687 0.04998182479098512
0 0.706515812431843 0.3004134860050891 0.08065249000363493 0.07383678662304613
0 0.6997001090512541 0.38163395129043987 0.11018720465285362 0.08860414394765542
0 0.8070474372955289 0.2521355870592512 0.09314794620138139 0.059069429298436955
0 0.8280625227190113 0.30950109051254093 0.10564340239912766 0.0783805888767721
0 0.8990594329334788 0.23282442748091603 0.059069429298436955 0.08406034169392948
0 0.9513131588513268 0.2566793893129771 0.07042893493275156 0.09314794620138132
0 1.0109732824427482 0.2813158851326789 0.05343511450381679 0.10152671755725177
0 0.9870956015994183 0.34130770628862234 0.10109960014540169 0.11018720465285352
0 0.996205925118139 0.4615244806084501 0.08296982915303527 0.08935212370326874
0 0.9007633587786259 0.48841330425299895 0.09655579789167572 0.08860414394765542
0 0.9018993093420575 0.39583333333333337 0.07838058887677206 0.09428389676481279
0 0.8405579789167574 0.4100327153762268 0.1124591057797165 0.09769174845510727
0 0.8110232642675391 0.5349872773536897 0.07838058887677227 0.06134133042529994
0 0.7729689203925846 0.4588785896037805 0.1067793529625591 0.07951653944020354
0 0.6377908033442384 0.4906852053798618 0.11586695747001102 0.06361323155216281
0 0.6769810977826245 0.5293075245365322 0.10109960014540169 0.06134133042529994
0 0.7116275899672847 0.6179116684841877 0.12495456197746276 0.08178844056706648
0 0.983687749909124 0.5724736459469284 0.10791530352599053 0.1294983642311887
0 0.8962195565249 0.63892675390767 0.11473100690657938 0.09428389676481273
0 0.9672164667393676 0.7258269720101782 0.10223555070883313 0.09541984732824428
0 0.7797846237731734 0.706515812431843 0.13631406761177756 0.06361323155216292
0 0.8320383496910214 0.7519538349691022 0.09541984732824449 0.07497273718647762
0 0.8820201744820065 0.813295165394402 0.10905125408942197 0.06815703380588868
