0 0.31120501635768816 0.4071928389676482 0.08065249000363503 0.0783805888767721
0 0.3668665939658306 0.5082924391130499 0.09655579789167572 0.10109960014540173
0 0.20044983642311878 0.02608142493638675 0.13404216648491457 0.049981824790985105
0 0.28621410396219554 0.5594102144674664 0.06247728098873138 0.10337150127226467
0 0.23566430388949475 0.5753135223555071 0.07270083605961464 0.09428389676481283
0 0.3486913849509269 0.24531988367866228 -0.07383678662304619 -0.09996364958197022
0 0.28110232642675387 0.14365230825154487 0.11586695747001081 0.08974009451108689
0 0.1538758633224282 0.63892675390767 -0.12722646310432573 -0.10791530352599063
0 0.053082969829153 0.6903460820644345 -0.10616593965830602 -0.12775930806306127
0 0.19363413304252994 0.48557342784442026 0.11132315521628496 0.10564340239912766
0 0.07776717557251908 0.5435069065794257 0.1431297709923664 0.1306343147946201
0 0.14251635768811338 0.3662986186841149 0.0931479462013813 0.0988276990185387
0 0.09594238458742271 0.37311432206470374 0.07951653944020354 0.0647491821155943
0 0.25781533987640853 0.2970056343147946 0.07610868774990917 0.11927480916030538
0 0.21464921846601237 0.27996637586332246 0.08974009451108687 0.07383678662304621
0 0.027785350781533963 0.41912031988367865 0.054525627044710985 0.11586695747001093
0 0.6855007270083606 0.4321837513631407 0.056797528171574074 0.05566157760814253
0 0.17886677571792076 0.1868184296619411 0.07270083605961464 0.10109960014540166
0 0.07038349691021446 0.30438931297709926 0.085196292257361 0.06361323155216286
0 0.052208287895310776 0.22998455107233734 0.09882769901853876 0.08292439113049802
0 0.11354961832061068 0.1868184296619411 0.10109960014540169 0.11700290803344245
0 0.04823246092330061 0.04823246092330059 0.09314794620138139 0.08974009451108687
0 0.09310250817884401 0.08685478007997088 -0.12154671028716828 -0.0761086877499091
0 0.031193202471828385 0.9973191566703017 0.05679752817157397 0.04998182479098523
