0 0.3637881679389313 0.37070610687022904 0.09208015267175572 0.10687022900763359
0 0.23473282442748092 0.2616889312977099 0.10400763358778627 0.10543893129770993
0 0.4386927480916031 0.7068225190839694 0.10734732824427481 0.11402671755725191
0 0.2593034351145038 0.9394083969465649 0.12356870229007634 0.10209923664122138
0 0.1474236641221374 0.9172232824427481 0.10877862595419847 0.14169847328244276
0 0.6863072519083969 0.8895515267175572 0.0958969465648855 0.10543893129770993
0 0.5512881679389313 0.6693702290076335 0.10448473282442748 0.11259541984732824
0 0.14670801526717558 0.18416030534351144 0.10257633587786259 0.10019083969465649
0 0.09852099236641221 0.2595419847328244 0.09875954198473283 0.09064885496183206
0 0.24355916030534353 0.6552958015267175 0.0892175572519084 0.1321564885496183
0 0.4279580152671756 0.8315839694656488 0.10305343511450382 0.12213740458015267
0 0.04079198473282443 0.8938454198473282 0.07585877862595419 0.1006679389312977
