0 0.9587309160305344 0.856631679389313 0.03864503816793893 0.055820610687022904
0 0.6290553435114504 0.2535782442748092 0.023377862595419848 0.050095419847328244
0 0.768368320610687 0.34541984732824427 0.032919847328244274 0.04961832061068702
0 0.7502385496183206 0.4916507633587786 0.0357824427480916 0.05200381679389313
0 0.335162213740458 0.9272423664122137 0.09971374045801527 0.10448473282442748
0 0.2774332061068702 0.9274809160305344 0.10734732824427481 0.12118320610687022
0 0.5052480916030534 0.37690839694656486 0.10019083969465649 0.0982824427480916
0 0.45825381679389315 0.41913167938931295 0.08826335877862596 0.07681297709923664
0 0.5026240458015268 0.9041030534351145 0.09303435114503816 0.10782442748091603
0 0.7325858778625954 0.3139312977099237 0.07681297709923664 0.07442748091603053
0 0.6288167938931297 0.24952290076335878 0.07061068702290077 0.07347328244274809
0 0.49475190839694655 0.691793893129771 0.07442748091603053 0.07633587786259542
0 0.22447519083969467 0.5987595419847328 0.08444656488549618 0.0982824427480916
0 0.18129770992366412 0.5515267175572519 0.07729007633587787 0.10019083969465649
0 0.7118320610687023 0.535543893129771 0.09446564885496184 0.10925572519083969
