0 0.3356279534714649 0.21010541621228646 -0.12268266085059977 -0.11813885859687394
0 0.28280625227190115 0.13058887677208286 0.11927480916030535 0.10905125408942203
0 0.32767629952744454 0.09878226099600142 0.08633224282079244 0.09087604507451835
0 0.9728962195565249 0.10616593965830605 0.12495456197746276 0.10337150127226465
0 0.8842920756088696 0.38788167938931295 0.07497273718647773 0.11018720465285352
0 0.9694883678662305 0.4389994547437296 -0.10223555070883313 -0.10337150127226467
0 0.9746001454016722 0.35777898945837877 -0.09655579789167593 0.09996364958197024
0 1.0052935296255907 0.64859797629476 0.06479462013813161 0.09772303365095243
0 0.9405216284987278 0.553730461650309 0.07383678662304609 0.1124591057797165
0 1.0001590330788803 0.5741775717920756 0.07497273718647773 0.1124591057797165
0 0.7695610687022901 0.20385768811341326 -0.1067793529625591 0.09428389676481282
0 0.6860687022900763 0.2850781533987641 0.11245910577971628 -0.10905125408942208
0 0.625863322428208 0.23282442748091603 0.1238186114140311 0.1067793529625591
0 0.5883769538349691 0.12774900036350414 0.12609051254089418 0.10109960014540167
0 0.5889838759931454 0.03973555070883314 -0.13623617385885636 -0.07947110141766628
0 0.7144674663758632 0.07095147219193018 -0.0988276990185388 -0.07610868774990912
0 0.83345991068183 0.03348782260996 -0.12438334112270855 -0.06697564521992
0 0.7207151944747364 0.04255270810614319 0.12495456197746276 0.08292439113049799
