0 0.23711832061068702 0.13454198473282442 0.09064885496183206 0.10114503816793893
0 0.16269083969465647 0.15958969465648856 0.08015267175572519 0.09303435114503816
0 0.7053912213740458 0.08206106870229007 0.09017175572519084 0.09923664122137404
0 0.7533396946564885 0.16412213740458015 0.07729007633587787 0.09732824427480916
0 0.3881202290076336 0.2526240458015267 0.0958969465648855 0.10162213740458015
0 0.44775763358778625 0.3504293893129771 0.11688931297709923 0.1226145038167939
0 0.7989026717557252 0.2096851145038168 0.07681297709923664 0.08349236641221373
0 0.8017652671755725 0.5224236641221374 0.08540076335877862 0.06870229007633588
0 0.6202290076335878 0.6645992366412213 0.07919847328244274 0.09446564885496184
0 0.07466603053435114 0.46469465648854963 0.08444656488549618 0.09732824427480916
0 0.13120229007633588 0.5388835877862596 0.0916030534351145 0.10353053435114504
0 0.20038167938931298 0.5353053435114504 0.09637404580152671 0.09732824427480916
0 0.21063931297709923 0.795324427480916 0.09398854961832061 0.10114503816793893
0 0.19274809160305342 0.9499045801526718 0.08874045801526717 0.11736641221374046
0 0.9575381679389313 0.8332538167938931 0.11354961832061068 0.10543893129770993
0 0.8671278625954199 0.40720419847328243 0.08444656488549618 0.08826335877862596
0 0.0646469465648855 0.27552480916030536 0.06440839694656489 0.08635496183206107
0 0.05510496183206107 0.973043893129771 0.08444656488549618 0.07490458015267176
