0 0.15046801163213372 0.25611141403126136 0.1431297709923664 0.12609051254089423
0 0.27655852417302795 0.2311205016357688 -0.12268266085059977 -0.13517811704834606
0 0.03945156306797526 0.7024627408215195 -0.07890312613595052 -0.1262450018175209
0 0.06470374409305706 0.612799890948746 -0.10337150127226467 0.10109960014540169
0 0.4497909850963286 0.34869138495092694 0.09201199563794986 0.08178844056706652
0 0.6196155943293348 0.35777898945837877 0.13404216648491457 0.12722646310432573
0 0.7167393675027263 0.30722918938567795 -0.0851962922573609 -0.07610868774990912
0 0.7246910214467467 0.22657669938204292 0.0988276990185388 0.06020537986186842
0 0.8246546710287169 0.17034714649218463 0.08974009451108687 0.09541984732824428
0 0.9098509632860777 0.23112050163576883 -0.08974009451108687 -0.09201199563794987
0 0.372546346782988 0.5060205379861868 -0.10337150127226467 -0.07610868774990917
0 0.39242548164303886 0.4378635041802981 0.10905125408942208 0.12381861141403132
0 0.5963286077789894 0.07776717557251905 -0.1260905125408943 -0.08746819338422392
0 0.5111323155216285 0.029489276626681184 0.0988276990185387 0.05679752817157398
0 1.0092466375863323 0.09991821155943291 -0.049981824790985015 -0.13404216648491457
0 0.9240503453289713 0.0857188295165394 -0.1294983642311887 -0.16925663395129042
0 0.7673141212435417 0.06927026535805161 -0.1521674681635887 -0.13854053071610323
0 0.6514222101054162 0.05902399127589965 -0.07724463831334061 -0.0999636495819702
0 0.8825881497637222 0.5906488549618321 -0.11473100690657959 -0.11359505634314794
0 0.970624318429662 0.3964013086150491 0.13177026535805159 0.10450745183569611
0 0.9842557251908397 0.5037486368593239 -0.09541984732824428 -0.10337150127226462
0 0.7246910214467467 0.5105643402399128 0.11473100690657938 0.09655579789167582
0 0.8706606688476918 0.40719283896764813 0.0795165394402037 0.1124591057797165
0 0.8683887677208287 0.7156034169392949 0.11132315521628507 0.0931479462013813
0 0.9791666666666665 0.6844783715012724 0.11704834605597972 0.16721192293711384
0 0.9694883678662305 0.8343102508178845 0.12722646310432562 0.10337150127226456
0 0.6400627044711015 0.6463104325699746 -0.12722646310432562 -0.10905125408942197
0 0.6184796437659033 0.5372591784805525 0.10223555070883313 0.09541984732824428
0 0.54691475826972 0.49182115594329334 0.09087604507451831 0.11359505634314794
0 0.31177299163940386 0.612799890948746 0.09769174845510727 0.0988276990185387
0 0.38333787713558704 0.6360868774990912 -0.10450745183569611 -0.12495456197746276
0 0.17091512177390036 0.8939476553980371 0.09996364958197024 0.11132315521628507
0 0.24759178480552527 0.9064431115957834 -0.10109960014540169 -0.0931479462013813
0 0.23623227917121045 0.8081833878589605 0.16698473282442747 0.11018720465285352
0 0.6071201381315885 0.8274945474372956 -0.10223555070883313 -0.08746819338422389
0 0.5060205379861868 0.6514222101054161 0.14540167211922939 0.11473100690657949
0 0.5060205379861868 0.7587695383496911 0.14767357324609226 0.08860414394765542
0 0.6849327517266449 0.7667211922937114 0.13290621592148302 0.08406034169392947
0 0.9229143947655398 0.9808478735005454 0.09769174845510716 0.07610868774990917
0 0.9961832061068703 1.0029989094874594 0.06929298436932033 0.06588513267902579
0 0.990503453289713 0.9280261723009815 0.08974009451108687 0.06815703380588878
0 0.33165212649945475 0.9206424936386769 0.11927480916030535 0.08065249000363514
0 0.7266221374045801 0.8773059796437659 0.08746819338422389 0.08031170483460567
0 0.768765903307888 0.9242207379134859 0.08110687022900763 0.05804707379134864
0 0.7763199745547074 0.9810750636132314 -0.10734732824427481 -0.0795165394402035
0 0.30955788804071244 1.012881679389313 0.1152989821882951 0.049300254452926066
0 0.41292938931297707 1.0053276081424938 0.08190203562340971 0.061227735368956815
0 0.5190839694656488 1.0097010178117047 0.08428753180661581 0.05089058524173021
0 0.45427798982188294 0.9381361323155216 0.08985368956742999 0.0842875318066157
0 0.5540712468193384 0.9317748091603053 0.09064885496183206 0.06838422391857503
0 0.6097328244274809 0.9174618320610687 -0.12086513994910938 -0.08587786259541985
0 0.613708651399491 0.99220737913486 -0.10178117048346064 -0.07951653944020359
