0 0.769327196527466 0.48166442149378835 0.0963553360275408 0.11974255350995361
0 0.8385533602754078 0.4690353240532854 0.09822631342613386 0.10758120041909888
0 0.7674562191288729 0.38530908546624754 0.13190390660080828 0.08232300553809313
0 0.9087150127226462 0.3937284837599162 0.13564586139799428 0.1029037569226164
0 0.7450044903457567 0.28848600508905853 0.11132315521628507 0.08887142643316867
0 0.7983273462056578 0.285679538991169 0.0795165394402035 0.10571022302050588
0 0.8960859152821433 0.3375991618021254 0.09729082472683723 0.0879359377338722
0 0.864279299506062 0.3857768298158958 0.10290375692261629 0.05706481065708727
0 0.9306989971561143 0.40261562640323306 0.08793593773387215 0.058935788055680276
0 0.873634186499027 0.2370341266277503 0.10851668911839547 0.09074240383176171
0 0.6509878760664571 0.21505014219428228 0.07858105074090707 0.08793593773387218
0 0.7361173477024396 0.22908247268372997 0.07109714114653494 0.08793593773387215
0 0.5658584044304744 0.19634036820835202 0.07671007334231413 0.07858105074090707
0 0.8750374195479719 0.13506585840443047 0.0664196976500524 0.11693608741206406
0 0.7441625505163898 0.15396273013022 0.050516389762011726 0.04434216434665469
0 0.3700606196677145 0.08520431073192634 0.08700044903457567 0.06511001347103729
0 0.4702514593623709 0.19746295464750782 0.10103277952402334 0.055006735518634914
0 0.46604176021553656 0.14301751234845084 0.0903682083520431 0.04153569824876516
0 0.560619667714414 0.1127076784912438 0.0942972608890885 0.07072294566681635
0 0.4651998203861697 0.09222047597665019 0.07633587786259537 0.04321957790749888
0 0.6894364616075438 0.04703637180062863 0.08138751683879666 0.07745846430175124
0 0.6434104176021553 0.13010776829815893 0.05893578805568038 0.04041311180960933
0 0.6260103277952401 0.08043331836551412 0.07016165244723852 0.05444544229905703
0 0.6849461158509206 0.04058149977548269 0.08251010327795243 0.06342613381230355
0 0.6899977548271217 0.09278176919622809 0.058935788055680276 0.035361472833408174
0 0.7705433318365514 0.027110462505612904 0.06511001347103729 0.04883251010327795
0 0.8342501122586439 0.04394925909295013 0.03423888639425235 0.06903906600808263
0 0.3142119443197126 0.023181409968567556 0.07072294566681635 0.04434216434665469
0 0.43292546026044004 0.029355635383924536 0.08587786259541985 0.0522002694207454
0 0.5028064660978896 0.03328468792096989 0.08756174225415361 0.0522002694207454
0 0.6027166591827572 0.027671755725190816 0.07409070498428377 0.04883251010327796
0 0.7747530309833858 0.20896946564885494 0.07128423888639418 0.04097440502918724
0 0.9987090255949707 0.19802424786708575 0.056690615177368515 0.05612932195779074
0 1.0006735518634935 0.2524696901661428 0.06735518634934894 0.08307139649753034
0 0.96138302649304 0.1604176021553659 0.0898069151324651 0.06623259991019308
0 0.954647507858105 0.0781881454872025 0.0853165693758418 0.04770992366412215
0 0.936686124831612 0.027671755725190816 0.11225864391558127 0.04883251010327796
