0 0.20556161395856049 0.8388540530716104 0.12836241366775716 0.12836241366775716
0 0.5628180661577608 0.7366185023627771 -0.12722646310432573 0.15335332606324978
0 0.46512631770265356 0.7434342057433662 0.14540167211922939 0.13063431479462004
0 0.8774763722282807 0.3719783715012723 -0.11359505634314794 0.11927480916030535
0 0.8587331879316612 0.46967011995637953 -0.1397219193020721 -0.11700290803344236
0 0.7763767720828789 0.3827699018538713 0.11813885859687391 0.11813885859687386
0 0.7224191203198836 0.4327517266448564 0.11927480916030535 0.0999636495819702
0 0.7599054889131225 0.527603598691385 -0.1124591057797165 -0.13063431479462015
0 0.6633496910214468 0.4986368593238823 0.12609051254089418 0.11586695747001093
0 0.6167757179207561 0.588944929116685 0.17380043620501634 0.09655579789167582
0 0.7201472191930208 0.5968965830607051 -0.09428389676481283 -0.14653762268266082
