0 0.8338141310136695 0.2827460204745843 -0.10170720160956268 0.10984377773832768
0 0.7515237588022959 0.2538981596544174 0.12056926445351789 0.10984377773832768
0 0.7295180188176815 0.35061246227587434 0.11058346647730637 0.12426770814841115
0 0.6522205455944139 0.32157967927096276 0.12389786377892187 0.14830759216521688
0 0.512126775533868 0.27629481109285925 0.13527877089573867 0.1074983090153638
0 0.5522876606435404 0.17272200212580927 -0.14856507875157018 0.14977292492028216
0 0.47159424544920725 0.11534267259458099 -0.13054693398204842 0.13945977686435698
0 0.2753471658275134 0.28448310865681337 -0.14363732337177199 0.17003004710086075
0 0.1657158518759136 0.3131598180932272 0.162924313789183 0.13196361864544423
0 0.1251116615234692 0.41314763683612143 -0.1375466948189053 -0.1431297709923664
0 0.053247682660850594 0.36336218647764446 0.09967966194111232 0.16400286259541985
0 0.07018044574700108 0.1972294165757906 0.11650592966194111 0.15037145583424205
0 0.1307445654279847 0.15350970666873331 0.0852481884759949 0.13271592978649205
0 0.18402468322548152 0.11028015654667342 -0.11431007091099314 0.12230208858061767
0 0.4956367847589222 0.21467834540353625 0.13905199973902269 0.1096920467149475
0 0.7168558752528218 0.07654384419651598 -0.10602205258693817 -0.10908038102694594
0 0.8367423501011287 0.06339303190448231 0.13986755398969147 0.11825536634696943
0 0.6637084947166547 0.03948407475651487 0.12503290339563045 0.07802805249501749
0 0.5700513292971834 0.04312695070131237 -0.11727710299702926 0.08484375587560636
0 0.49848644380100016 0.03102320159440454 0.0827285375850787 -0.06204640318880908
0 0.4204583913059827 0.03548866242996277 -0.09541984732824428 -0.06909713082390101
0 0.3685180310608054 0.0319632986124168 0.10247057496333623 0.06251645169781521
0 0.41799063663370056 0.04195182942879705 0.08719399842063703 0.058050990862256985
0 0.9586513994910941 0.036418575063613234 -0.13486005089058517 -0.0715648854961832
0 0.3400127226463105 0.059955470737913484 0.09605597964376592 0.07538167938931298
0 0.25159033078880405 0.03705470737913486 -0.08333333333333331 0.07029262086513996
0 0.21723918575063614 0.045483460559796435 0.09987277353689566 0.08333333333333333
0 0.11116412213740458 0.06361323155216284 -0.11036895674300257 0.12277353689567429
0 0.06965648854961833 0.03816793893129772 0.10368956743002544 0.07379134860050891
0 0.027512722646310432 0.04262086513994911 0.055025445292620864 0.08015267175572519
0 0.021151399491094146 0.10432569974554706 -0.04103053435114504 -0.09096692111959288
