0 0.20185482790946838 0.4185081023168608 0.12053033346725588 0.0920717825097094
0 0.33033681532074466 0.2699377259943752 0.10295299316994772 0.09793089594214541
0 0.35837685817597426 0.36954265434578815 0.09374581491897684 0.07616847462166867
0 0.45756327842507033 0.35907995178786656 0.08621266907727335 0.0786795232355698
0 0.5588422391857507 0.37456475157359037 0.08453863666800596 0.09123476630507565
0 0.5893933306548815 0.5118354091335208 0.07533145841703492 0.0778425070309361
0 0.2621199946430963 0.5319237980447301 0.08872371769117447 0.07616847462166873
0 0.045332797642962434 0.510998392928887 0.08202758805410473 0.13643364135529668
0 0.45714477032275347 0.1849805812240525 0.07700549082630231 0.10546404178384892
0 0.563445828311236 0.18832864604258737 0.12890049551359312 0.13727065755993037
0 0.6743504754252042 0.14940739252711932 0.0811905718494711 0.09458283112361054
0 0.7760479442882015 0.10127896076068033 0.10881210660238377 0.15568501406187224
0 0.8379871434310967 0.27286728271059324 0.0920717825097094 0.09709387973751171
0 0.8773269050488818 0.37623878398285787 0.05524306950582579 0.06779831257533143
0 0.7726998794696666 0.5603823490022767 0.11048613901165137 0.10630105798848259
0 0.8947996183206107 0.06669165757906223 0.12438658669574704 0.12949836423118866
0 0.998193838604144 0.06536607281953133 0.07899400218102513 0.10640008457036022
0 0.9552889858233371 0.6434705561613959 0.11586695747001113 0.12438658669574704
0 0.6741412213740459 0.7627453653217012 0.09541984732824428 0.08690021810250817
0 0.8096033260632498 0.7039599236641222 0.06986095965103584 0.06815703380588878
0 0.42110823336968384 0.9126908396946565 0.10053162486368597 0.10053162486368575
0 0.28990594329334807 0.9859596510359868 0.08349236641221373 0.09030806979280259
0 0.08117502726281373 0.979143947655398 0.10564340239912766 0.06986095965103604
0 0.1944860959651038 0.8879839149400218 0.049413849509269296 0.06134133042529983
0 0.07691521264994561 0.632395038167939 0.04600599781897498 0.06815703380588878
0 1.0200381679389312 0.4475190839694657 0.030670665212649696 0.09030806979280269
