0 0.6851145038167938 0.648854961832061 0.09637404580152671 0.07442748091603053
0 0.7824427480916031 0.6607824427480916 0.06965648854961833 0.11736641221374046
0 0.8225190839694656 0.7743320610687023 0.06583969465648855 0.0982824427480916
0 0.34780534351145037 0.9298664122137404 0.09351145038167939 0.07347328244274809
0 0.44083969465648853 0.9064885496183206 0.09637404580152671 0.09541984732824428
0 0.6245229007633588 0.9088740458015268 0.08015267175572519 0.08301526717557252
0 0.8859732824427481 0.666030534351145 0.11641221374045801 0.07061068702290077
0 0.5434160305343512 0.9642175572519084 0.12404580152671756 0.06965648854961833
0 0.5806297709923665 0.7094465648854962 0.0916030534351145 0.08110687022900763
0 0.7643129770992366 0.9031488549618321 0.10019083969465649 0.10400763358778627
0 0.9990458015267175 0.8650831515812433 0.07729007633587787 0.07176935659760093
0 0.9904580152671756 0.7767175572519084 0.08874045801526717 0.1049618320610687
0 0.8797709923664122 0.9083969465648855 0.1383587786259542 0.12786259541984732
0 0.6927480916030534 0.9489503816793893 0.11164122137404581 0.12309160305343511
0 0.6483778625954199 0.7638358778625954 0.1297709923664122 0.08492366412213741
0 0.538645038167939 0.8492366412213741 0.10877862595419847 0.1183206106870229
0 0.7733778625954199 0.9885496183206107 0.15076335877862596 0.09541984732824428
