0 0.7709923664122137 0.995706106870229 0.10209923664122138 0.08301526717557252
0 0.060114503816793896 0.49904580152671757 0.09064885496183206 0.1049618320610687
0 0.18129770992366412 0.7958015267175572 0.12309160305343511 0.09923664122137404
0 0.21183206106870228 0.9718511450381679 0.11927480916030535 0.10782442748091603
0 0.17461832061068702 0.6235687022900763 0.12118320610687022 0.10973282442748092
0 0.14169847328244276 0.4756679389312977 0.09923664122137404 0.09255725190839695
0 0.8172709923664122 0.5625 0.07251908396946564 0.07347328244274809
0 0.7437977099236641 0.8062977099236641 0.1183206106870229 0.11259541984732824
0 0.2409351145038168 0.4002862595419847 0.0916030534351145 0.09637404580152671
0 0.03387404580152672 0.9699427480916031 0.05916030534351145 0.1269083969465649
0 0.020038167938931296 0.773854961832061 0.035305343511450385 0.21374045801526717
0 0.5992366412213741 0.8301526717557252 0.08301526717557252 0.11641221374045801
0 0.5644083969465649 0.4570610687022901 0.07251908396946564 0.0916030534351145
0 0.862118320610687 0.6436068702290076 0.11450381679389313 0.07347328244274809
0 0.2666984732824427 0.3101145038167939 0.06679389312977099 0.07442748091603053
0 0.38072519083969464 0.4041030534351145 0.08492366412213741 0.12309160305343511
0 0.49666030534351147 0.3439885496183206 0.11068702290076336 0.08301526717557252
0 0.6956106870229007 0.32299618320610685 0.08110687022900763 0.08874045801526717
0 0.22137404580152673 0.5625 0.12881679389312978 0.10209923664122138
0 0.38263358778625955 0.6278625954198473 0.13072519083969467 0.14122137404580154
0 0.4675572519083969 0.8144083969465649 0.18225190839694658 0.08874045801526717
0 0.4856870229007634 0.5720419847328244 0.125 0.08492366412213741
0 0.6545801526717557 0.6083015267175572 0.08874045801526717 0.07729007633587787
0 0.6168893129770993 0.7232824427480916 0.11450381679389313 0.12213740458015267
0 0.4179389312977099 0.4937977099236641 0.22423664122137404 0.07347328244274809
0 0.726145038167939 0.6407442748091603 0.08110687022900763 0.07919847328244274
0 0.6006679389312977 0.5415076335877863 0.10114503816793893 0.06774809160305344
0 0.2562022900763359 0.48091603053435117 0.12404580152671756 0.05725190839694656
0 0.5277585010409438 0.9224496877168633 0.1243349525792274 0.09397409206569514
0 0.33691880638445526 0.9694367337497108 0.1127689104788341 0.12433495257922723
0 0.29065463798288227 0.7858258154059681 0.07517927365255617 0.08096229470275274
0 0.07379134860050894 0.7872715706685172 0.06650474207726109 0.12144344205412917
0 0.10993523016423788 0.9007633587786259 0.09541984732824428 0.09686560259079342
