0 0.0726553980370774 0.06697564521992 0.11018720465285355 0.12041075972373681
0 0.17659487459105777 0.06186386768447835 0.05452562704471104 0.09655579789167576
0 0.21237731733914939 0.06299981824790983 0.05793347873500546 0.07610868774990912
0 0.3089331152308251 0.06015994183933113 0.0715648854961832 0.07042893493275172
0 0.30722918938567795 0.10616593965830604 0.08633224282079255 0.09655579789167576
0 0.25724736459469283 0.13740458015267173 0.10450745183569618 0.08860414394765541
0 0.09764631043256994 0.15728371501272262 0.08519629225736097 0.08065249000363503
0 0.060727917121046845 0.19760996001454015 0.10677935296255907 0.09996364958197022
0 0.05391221374045799 0.27258269720101785 0.09769174845510727 0.08860414394765545
0 0.05561613958560521 0.3719783715012723 0.06929298436932024 0.09882769901853876
0 0.2640630679752817 0.2169211195928753 0.13177026535805156 0.08178844056706655
0 0.2941657579062159 0.31120501635768816 0.06929298436932022 0.1454016721192294
0 0.32767629952744454 0.2606552162849873 0.07951653944020359 0.08065249000363506
0 0.37822609960014536 0.04936841148673207 0.07383678662304619 0.08974009451108687
0 0.38163395129043987 0.11809342057433657 0.06702108324245723 0.07270083605961468
0 0.3867457288258815 0.18909033078880402 0.07951653944020359 0.06474918211559433
0 0.4134405670665213 0.2521355870592512 0.0715648854961832 0.10450745183569614
0 0.4736459469283897 0.248159760087241 0.05338967648127955 0.08519629225736097
0 0.5525945110868776 0.20499363867684475 0.08633224282079244 0.09655579789167579
0 0.6088240639767357 0.2623591421301345 0.08974009451108687 0.049981824790985147
0 0.6394947291893857 0.3396037804434751 0.11700290803344236 0.09769174845510727
0 0.6536941112322793 0.03630498000727006 0.09087604507451841 0.06361323155216284
0 0.6446065067248273 0.09026263177026533 0.07270083605961464 0.06474918211559431
0 0.6855007270083606 0.15557978916757542 0.08633224282079234 0.06815703380588875
0 0.6951563067975282 0.21010541621228646 0.08292439113049802 0.07724463831334064
0 0.7388904034896402 0.2606552162849872 0.049981824790985015 0.06020537986186845
0 0.7866003271537623 0.2595192657215558 0.08406034169392947 0.06929298436932024
0 0.8314703744093057 0.10162213740458013 0.10337150127226456 0.13063431479462015
0 0.8235187204652853 0.1998818611414031 0.07383678662304609 0.07497273718647762
0 0.8945156306797528 0.20612958924027625 0.07497273718647753 0.09201199563794986
0 0.8950836059614686 0.033465103598691356 0.07610868774990917 0.05566157760814249
0 0.8933796801163213 0.4639903671392221 0.07724463831334061 0.09201199563794986
0 0.9876635768811343 0.5355552526354054 0.09314794620138139 0.15789712831697564
0 0.8530534351145038 0.5872410032715376 0.11927480916030535 0.09541984732824428
0 0.9217784442021083 0.5548664122137404 0.08633224282079255 0.10109960014540169
0 0.9842557251908397 0.6394947291893857 0.09996364958197024 0.07951653944020359
0 0.7337786259541985 0.5912168302435478 0.1124591057797165 0.06929298436932022
0 0.667325517993457 0.6616457651762996 0.12722646310432562 0.09201199563794975
0 0.7366185023627773 0.6480143584151219 0.07951653944020359 0.05566157760814253
0 0.8343102508178845 0.6951563067975282 0.11359505634314804 0.06588513267902579
0 0.9109869138495092 0.7434342057433662 0.10109960014540169 0.07610868774990907
0 0.9723282442748091 0.8144311159578336 0.08065249000363514 0.10905125408942208
0 1.0010109960014542 0.8700926935659761 0.0471419483824062 0.02271901126862963
0 0.9101349509269357 0.9728962195565248 0.07894856415848787 0.09201199563794986
0 0.9689203925845149 0.996751181388586 0.0931479462013815 0.07838058887677216
0 0.7996637586332243 1.0137904398400581 0.09087604507451831 0.04430207197382782
0 0.6968602326426754 1.0154943656852056 0.07610868774990907 0.04316612141039617
0 0.5321474009451108 0.9916394038531445 0.07610868774990907 0.08860414394765542
0 0.4827335514358415 0.9927753544165759 0.06588513267902579 0.08633224282079244
0 0.42252817157397315 0.9808478735005454 0.09087604507451837 0.10791530352599063
0 0.28962195565249 1.0041348600508908 0.052253725917848055 0.05679752817157386
0 0.3682865321701199 0.885428026172301 0.08349236641221379 0.09428389676481283
0 0.4208242457288259 0.8780443475099964 0.08292439113049802 0.09541984732824428
0 0.4196882951653944 0.7848964013086152 0.09769174845510727 0.13404216648491457
0 0.5190839694656488 0.8240866957470012 0.09428389676481283 0.10109960014540169
0 0.6005884223918576 0.8984914576517631 0.08462831697564528 0.11359505634314804
0 0.7201472191930207 0.9155307161032352 0.08974009451108687 0.07724463831334061
0 0.787168302435478 0.9007633587786259 0.11245910577971628 0.08633224282079244
0 0.8871319520174481 0.9104189385677937 0.0988276990185388 0.08974009451108697
0 0.680388949472919 0.8019356597600874 0.10791530352599053 0.09769174845510727
0 0.7712649945474374 0.7945519810977827 0.06474918211559436 0.0715648854961832
0 0.7530897855325336 0.76558524173028 0.06020537986186839 0.07270083605961464
