0 0.12815469699330115 0.9434880822558032 0.11684062938152362 0.09931453497429504
0 0.21091680947188035 0.8602391338214675 0.1148932855584982 0.0924988315937062
0 0.2717713039414239 0.9025938619722699 0.09249883159370617 0.0915251596821935
0 0.20945630160461132 0.9176857766007167 0.07302539336345225 0.04770992366412214
0 0.2435348185075557 0.9931453497429507 0.09055148777068078 0.08763047203614274
0 0.32581009503037855 1.0053162486368594 0.08763047203614274 0.05939398660227455
0 0.392019785013242 0.8023056550864621 0.07205172145193955 0.09541984732824428
0 0.38423040972114036 0.9094095653528587 0.07399906527496494 0.08763047203614274
0 0.4153879108895467 0.9814612868047982 0.08178844056706652 0.0778937529210156
0 0.3360336501012619 0.8422262034584828 0.08081476865555379 0.08763047203614263
0 0.3053629848886119 0.7842927247234772 0.10320922262034586 0.08081476865555388
0 0.5434257672534663 0.9902243340084126 0.1372877395232902 0.08957781585916812
0 0.5702017448200655 0.9580931609284935 0.10126187879732043 0.11684062938152351
0 0.6846081944228073 0.9449485901230722 0.11002492600093466 0.07302539336345236
0 0.6588058887677208 0.8855546035207976 0.09541984732824428 0.08665680012463005
0 0.7016474528742795 0.8655943293347873 0.07789375292101582 0.08763047203614263
0 0.478676585137872 0.8368710079451628 0.11684062938152362 0.11391961364698554
0 0.545859947032248 0.8913966349898738 0.10710391026639669 0.1178143012930363
0 0.460663654774887 0.9089227293971024 0.07497273718647762 0.09055148777068081
0 0.6933712416264216 0.7682271381835176 0.12365633276211246 0.15189281819598074
0 0.6081749493690605 0.7599509269356598 0.07399906527496494 0.10223555070883313
0 0.533202212182583 0.7886742483252843 0.09931453497429504 0.08568312821311735
0 0.49912369527963857 0.7185698706963701 0.08178844056706652 0.08178844056706648
0 0.5439126032092226 0.6864386976164512 0.09736719115126966 0.08373578439009197
0 0.611582801059355 0.682057174014644 0.09444617541673159 0.11976164511606169
0 0.7089499922106247 0.7010437762891417 0.12170898893908708 0.10320922262034592
0 0.6534506932544011 0.603676585137872 0.1294983642311887 0.12073531702757438
0 0.5268733447577504 0.5695980682349275 0.06134133042529994 0.058420314690761754
0 0.5604650257049385 0.5642428727216078 0.0525782832216856 0.09834086306278235
0 0.4669925221997196 0.6494391649789687 0.07010437762891411 0.0915251596821935
0 0.40224334008412527 0.6567417043153139 0.0983408630627824 0.1294983642311886
0 0.23915329490574858 0.5642428727216077 0.06036765851378716 0.07692008100950301
0 0.29416575790621596 0.5029015422963078 0.0983408630627824 0.05744664277924906
0 0.350151892818196 0.5379537311107649 0.06036765851378719 0.05160461131017291
0 0.35063872877395236 0.5837163109518617 0.08081476865555384 0.05744664277924917
0 0.39932232434958714 0.5403879108895467 0.061341330425299885 0.08763047203614274
0 0.42415095809316095 0.4897569714908864 0.0993145349742951 0.07399906527496494
0 0.4835449446954354 0.5437957625798411 0.07984109674404109 0.09639351923975696
0 0.2357454432154541 0.3797320454899517 0.06718336189437607 0.058420314690761754
0 0.28442903879108894 0.3402983330736875 0.08665680012462999 0.09834086306278235
0 0.31558653995949526 0.41916575790621596 0.06718336189437608 0.07886742483252845
0 0.3944539647920237 0.3456535285870073 0.08860414394765542 0.06231500233681263
0 0.39396712883626733 0.27993067455990034 0.13631406761177756 0.08081476865555384
0 0.42755880978345534 0.2409837980993924 0.06523601807135065 0.04965726748714752
0 0.4392428727216078 0.4196525938619723 0.08860414394765542 0.08957781585916806
0 0.49376849976631876 0.42013942981772867 0.07886742483252845 0.10613023835488394
0 0.5828594796697305 0.507283065898115 0.07594640909799032 0.07010437762891417
0 0.6359245988471726 0.3568507555694033 0.07497273718647762 0.09444617541673159
0 0.6987264371397415 0.47271771303941423 0.09347250350521889 0.0710780495404268
0 0.740107493379031 0.4834281040660539 0.051604611310173014 0.05744664277924917
0 0.6948317494936905 0.40504751518928184 0.07205172145193955 0.0915251596821935
0 0.749844212494158 0.43961286804798255 0.08665680012463005 0.07497273718647762
0 0.6037934257672535 0.4347445084904191 0.10807758217790939 0.07107804954042686
0 0.489873812120268 0.3334826296930986 0.09055148777068081 0.06134133042529994
0 0.5575440099704003 0.34662720049852 0.07984109674404109 0.0778937529210157
0 0.5619255335722075 0.27700965882536227 0.09639351923975696 0.08081476865555384
0 0.8175144103442904 0.42938931297709926 0.07399906527496494 0.07010437762891417
0 0.8554876148932855 0.48245443215454126 0.0525782832216856 0.06134133042529994
0 0.8885924598847174 0.486349119800592 0.046736251752609446 0.09639351923975692
0 0.9460391026639663 0.44545489951705874 0.0915251596821934 0.1119722698239601
0 0.8929739834865245 0.38654774887054055 0.07692008100950312 0.07594640909799037
0 0.6933712416264216 0.2969699330113725 0.10223555070883322 0.09347250350521889
0 0.8189749182115594 0.31985122293192086 0.04965726748714752 0.05549929895622367
0 0.9942358622838449 0.36025860725969777 0.07302539336345214 0.08373578439009191
0 0.9679467206730019 0.28333852625019473 0.08665680012462983 0.07010437762891417
0 0.9031975385574078 0.2594835644181337 0.06426234615983802 0.09055148777068081
0 0.8608428104066054 0.2882068858077582 0.10028820688580785 0.10126187879732049
0 0.533202212182583 0.17380043620501637 0.0915251596821935 0.10807758217790933
0 0.6373851067144415 0.16552422495715843 0.08957781585916812 0.08178844056706652
0 0.7654229630783611 0.27993067455990034 0.04381523601807126 0.07302539336345228
0 0.15444383860414398 0.31157501168406293 0.09736719115126968 0.08373578439009191
0 0.029813833930518778 0.21810250817884408 0.05647297086773641 0.10905125408942203
0 0.10186555538245834 0.2346549306745599 0.07594640909799034 0.10905125408942203
0 0.11403645427636706 0.17769512385106714 0.11002492600093473 0.08665680012462999
0 0.20458794204704786 0.11197226982396012 0.07692008100950304 0.0876304720361427
0 0.26495560056083506 0.27116762735628597 0.04770992366412214 0.03602586072596978
0 0.7381601495560056 0.15773484966505685 0.09639351923975696 0.09931453497429507
0 0.586267331360025 0.07010437762891415 0.09639351923975696 0.08178844056706651
0 0.6928844056706652 0.12463000467362517 0.08957781585916802 0.08373578439009191
0 0.43729552889858236 0.14020875525782833 0.0847094563016046 0.07789375292101573
0 0.4553084592615672 0.10613023835488394 0.0856831282131173 0.038946876460507866
0 0.4669925221997196 0.05014410344290388 0.10710391026639664 0.08665680012463
0 0.3287311107649167 0.049657267487147536 0.07010437762891417 0.05063093939866023
0 0.38374357376538404 0.07886742483252843 0.04965726748714752 0.07010437762891415
0 0.41879576257984114 0.08519629225736096 0.05744664277924906 0.04965726748714753
0 0.35063872877395236 0.1991159059043465 0.05355195513319829 0.037973204548995186
0 0.06583969465648855 0.053065119177441965 0.09347250350521888 0.09055148777068078
0 0.13886508801994082 0.06767019785013242 0.08178844056706652 0.07692008100950304
0 0.1369177441969154 0.023854961832061067 0.10710391026639664 0.04576257984109674
0 0.9952095341953575 0.24633899361271228 0.08470945630160455 0.06815703380588878
0 0.9562626577348496 0.2594835644181337 0.0769200810095029 0.06134133042529986
0 0.882750428415641 0.1723399283377473 0.11099859791244746 0.07399906527496494
0 0.9898543386820376 0.18110297554136157 0.09347250350521878 0.09736719115126968
0 0.9445785947966974 0.13534039570026485 0.08276211247857916 0.07205172145193957
0 0.9509074622215297 0.0924988315937062 0.08957781585916802 0.062315002336812586
0 0.9874834475775044 0.051839257055263446 0.10041478423430436 0.08809976352632375
0 0.8301721451939554 0.13534039570026485 0.11489328555849823 0.07594640909799033
0 0.8520797632029912 0.04673625175260944 0.08860414394765542 0.08957781585916809
0 0.7440021810250819 0.03553902477021342 0.08860414394765542 0.06718336189437607
0 1.0010515656644337 0.05842031469076181 0.06913070571740136 0.062315002336812586
0 0.7079763202991121 0.07059121358467052 0.11197226982396004 0.06523601807135068
0 0.6573453809004518 0.03943371241626422 0.1197616451160618 0.07692008100950304
0 0.10868125876304721 0.30719348808225583 0.07399906527496497 0.06718336189437608
0 0.5288206885807758 0.035052188814457076 0.08276211247857916 0.06620968998286338
