0 0.2147877490225284 0.5742645689815676 0.11171104077452987 0.08727425060510151
0 0.3142803947123441 0.5393548687395271 0.12218395084714202 0.09192887730404024
0 0.31369856637497673 0.6103379258983428 0.10007447402718302 0.07796499720722391
0 0.39864550363060886 0.1687302178365295 0.10240178737665244 0.09076522062930553
0 0.22293334574567122 0.09483801899087692 0.10240178737665238 0.11287469744926455
0 0.36489946006330287 0.09891081735244833 0.08843790727983616 0.09541984732824428
0 0.5673757214671383 0.08552876559299943 0.10472910072612177 0.10123813070191767
0 0.5004654626698939 0.09134704896667287 0.0663284304598771 0.07098305715881585
0 0.6726866505306275 0.023273133494693725 0.06400111711040779 0.03723701359150996
0 0.7407605660026065 0.03432787190467324 0.0977471606777136 0.0663284304598771
0 0.7087600074474026 0.09018339229193817 0.06400111711040768 0.06167380376093837
0 0.05013032954757034 0.8663423943399738 0.09658350400297896 0.12451126419661145
0 0.2630795010240179 0.9309253397877489 0.09891081735244836 0.06749208713461181
0 0.3049711413144666 0.9931809718860547 0.0989108173524483 0.0663284304598771
0 0.4161003537516291 0.9245252280767081 0.11869298082293799 0.11287469744926464
0 0.47777415751256747 0.8971792962204431 0.10007447402718302 0.11869298082293799
0 0.3456991249301806 0.03316421522993855 0.0989108173524483 0.0663284304598771
0 0.5185021411282816 0.0296732452057345 0.06283746043567308 0.04770992366412214
