0 0.39711495285136955 0.7695953699545977 0.06454872025145934 0.08232300553809307
0 0.4551152522077533 0.7999987526817343 0.06579603851718804 0.06205408372000204
0 0.47086264531257793 0.8470850172129921 0.06298957241929852 0.06330140198573074
0 0.36437284837599165 0.854413012024148 0.0682906750486454 0.0742154368108566
0 0.450905553060919 0.9348650401636481 0.056752981090655095 0.07920470987377132
0 0.5285511151025296 0.934553210597216 0.06673152721648458 0.08668861946814355
0 0.15575886843286935 0.9164670957441501 0.0739036072444245 0.07109714114653494
0 0.39617946415207306 0.9630856159257596 0.06579603851718804 0.08263483510452536
0 0.9699458663872674 0.8436548919822381 0.06454872025145934 0.09136606296462609
0 0.9725964177019408 0.9411016314922915 0.06361323155216292 0.07982836900663577
0 0.189904205957192 0.9846018560095795 0.06735518634934891 0.08325849423738961
0 0.2564798183904605 0.962150127226463 0.07203262984583148 0.06641969765005229
0 0.26474330190091305 1.005650351743751 0.08731227860100779 0.06174225415356986
