0 0.6267371305539243 0.6487570953219808 0.12110980622431003 0.11254648659228818
0 0.8194118222744177 0.3374192601291838 0.05382658054413774 0.05994323742415345
0 0.7258269720101781 0.37595419847328243 0.05504991192014086 0.04403992953611272
0 0.8628400861225288 0.1918428263848111 0.08196320219220973 0.06483656292816599
0 0.7576335877862596 0.23465942454492072 0.0623899001761598 0.03547660990409082
0 0.5392689371697006 0.31784595811313365 0.02935995302407511 0.05015658641612843
0 0.6157271481698963 0.40286748874535133 0.028136621648071992 0.039146604032100185
0 0.5270356234096693 0.4151008025053826 0.04159326678410653 0.03180661577608146
0 0.4261107848894108 0.36616754746525737 0.08196320219220984 0.08073987081620666
0 0.32518594636915243 0.2939909962810726 0.09786651008025063 0.12477980035231939
0 0.3655558817772558 0.376565864161284 0.05382658054413774 0.06728322568017223
0 0.5735222156977883 0.19184282638481112 0.1419064396163633 0.1357897827363476
0 0.6891270307300842 0.18939616363280484 0.12355646897631627 0.11376981796829125
0 0.9805429144646702 0.06836599506985355 0.11429585045997269 0.11882241879502126
0 0.8469367782344881 0.07501467997651204 0.12600313172832273 0.1223331376003132
0 0.7472352710902329 0.05421804658445879 0.15169309062438827 0.10520649833626934
0 0.7557985907222547 0.1062096300645919 0.09541984732824428 0.05994323742415348
0 0.5331522802896848 0.0701213544724995 0.1541397533763946 0.08563319632021923
0 0.2988843217850851 0.19673615188882362 0.10153650420825999 0.0770698766881973
0 0.3606625562732433 0.20652280289684868 0.09786651008025063 0.11621648072029749
0 0.32763260912115877 0.09825797612057152 0.14435310236836954 0.09541984732824427
0 0.3902671755725191 0.09708969465648855 0.12118320610687022 0.11211832061068702
0 0.46087786259541985 0.10925572519083969 0.07919847328244274 0.08015267175572519
0 0.43416030534351147 0.19799618320610687 0.13549618320610687 0.11354961832061068
0 0.3473282442748092 0.09756679389312978 0.11927480916030535 0.08444656488549618
0 0.31345419847328243 0.05629770992366412 0.08969465648854962 0.05534351145038168
0 0.6521946564885496 0.2857824427480916 0.04198473282442748 0.039122137404580155
0 0.47065839694656486 0.025763358778625955 -0.08158396946564886 -0.04961832061068702
0 0.5262404580152672 0.0982824427480916 0.06393129770992366 0.06679389312977099
0 0.4351145038167939 0.19298664122137404 -0.1297709923664122 -0.10257633587786259
0 0.6288167938931297 0.03148854961832061 -0.12118320610687022 -0.060114503816793896
0 0.6538645038167938 0.09852099236641221 0.16364503816793893 0.09017175572519084
0 0.38072519083969464 0.5200381679389313 0.11259541984732824 0.08301526717557252
0 0.5076335877862596 0.49570610687022904 0.13358778625954199 0.0982824427480916
0 0.5119274809160306 0.6018606870229007 0.10591603053435114 0.08826335877862596
0 0.5932729007633588 0.5822996183206107 0.08540076335877862 0.1159351145038168
0 0.41054389312977096 0.47208969465648853 0.11020992366412213 0.10543893129770993
0 0.37666984732824427 0.6049618320610687 0.1321564885496183 0.08110687022900763
0 0.43702290076335876 0.5675095419847328 0.09351145038167939 0.08444656488549618
0 0.6994274809160306 0.9394083969465649 0.05438931297709924 0.07061068702290077
0 0.6381202290076335 0.8389790076335878 0.03387404580152672 0.05200381679389313
