0 0.14670801526717558 0.09565839694656489 0.08444656488549618 0.07204198473282443
0 0.07872137404580153 0.051288167938931296 0.10973282442748092 0.1006679389312977
0 0.13478053435114504 0.042461832061068704 0.07395038167938932 0.08110687022900763
0 0.03148854961832061 0.06440839694656489 0.06202290076335878 0.05343511450381679
0 0.7139790076335878 0.9253339694656488 0.07776717557251908 0.1159351145038168
0 0.6958492366412213 0.8320610687022901 0.08635496183206107 0.06679389312977099
0 0.7249522900763359 0.8714217557251909 0.050095419847328244 0.03387404580152672
0 0.7409351145038168 0.7421278625954199 0.061068702290076333 0.1006679389312977
0 0.7550095419847328 0.7044370229007634 0.032919847328244274 0.04532442748091603
0 0.7018129770992366 0.7526240458015268 0.05725190839694656 0.10448473282442748
0 0.8947996183206107 0.8299141221374046 0.10448473282442748 0.07490458015267176
0 0.964456106870229 0.7922232824427481 0.10257633587786259 0.09494274809160305
0 0.9212786259541985 0.7118320610687023 0.08015267175572519 0.0868320610687023
0 0.9959446564885496 0.701574427480916 0.07204198473282443 0.09208015267175572
0 0.7853053435114504 0.677719465648855 0.12022900763358779 0.07872137404580153
0 0.8399332061068703 0.6872614503816794 0.10162213740458015 0.05295801526717557
0 0.8175095419847328 0.7817270992366412 0.07395038167938932 0.06822519083969465
0 0.7724236641221374 0.8156011450381679 0.07061068702290077 0.06440839694656489
0 0.7516698473282443 0.851145038167939 0.06727099236641221 0.03435114503816794
0 0.8029580152671756 0.7297232824427481 0.05820610687022901 0.06727099236641221
0 0.8542461832061069 0.7447519083969466 0.12356870229007634 0.09923664122137404
0 0.8602099236641222 0.48735687022900764 0.09923664122137404 0.10162213740458015
0 0.9079198473282443 0.6071087786259542 0.06870229007633588 0.07490458015267176
0 0.9489503816793893 0.5539122137404581 0.07251908396946564 0.10591603053435114
0 0.9811545801526718 0.5035782442748091 0.11211832061068702 0.10353053435114504
0 0.9971374045801527 0.4329675572519084 0.07919847328244274 0.09875954198473283
0 0.9995229007633588 0.6016221374045801 0.0648854961832061 0.0868320610687023
0 0.9110209923664122 0.5751431297709924 0.0825381679389313 0.06822519083969465
