0 0.10615458015267176 0.036020992366412215 0.10257633587786259 0.0691793893129771
0 0.5350667938931297 0.03721374045801527 0.09875954198473283 0.0715648854961832
0 0.43201335877862596 0.07752862595419847 0.10639312977099237 0.11784351145038167
0 0.34088740458015265 0.11211832061068702 0.0958969465648855 0.09732824427480916
0 0.31560114503816794 0.04580152671755725 0.12166030534351145 0.08778625954198473
0 0.2884064885496183 0.05271946564885496 0.06440839694656489 0.09017175572519084
0 0.2013358778625954 0.04770992366412214 0.10591603053435114 0.09064885496183206
0 0.2886450381679389 0.37309160305343514 0.06297709923664122 0.08396946564885496
0 0.3761927480916031 0.35997137404580154 0.09971374045801527 0.09208015267175572
0 0.4050572519083969 0.3955152671755725 0.10973282442748092 0.07538167938931298
0 0.4169847328244275 0.4458492366412214 0.12595419847328243 0.09208015267175572
0 0.2764790076335878 0.5395992366412213 0.11498091603053436 0.09637404580152671
0 0.2666984732824427 0.4594465648854962 0.12213740458015267 0.08969465648854962
0 0.3573473282442748 0.541030534351145 0.13740458015267176 0.0916030534351145
0 0.39479961832061067 0.5033396946564885 0.09875954198473283 0.10019083969465649
0 0.45825381679389315 0.5431774809160306 0.07967557251908397 0.08349236641221373
0 0.5150286259541985 0.538645038167939 0.04150763358778626 0.06393129770992366
0 0.36474236641221375 0.5424618320610687 0.08635496183206107 0.10782442748091603
0 0.3728530534351145 0.6116412213740458 0.1159351145038168 0.10687022900763359
0 0.45252862595419846 0.6059160305343512 0.1226145038167939 0.13549618320610687
0 0.4315362595419847 0.6758110687022901 0.10353053435114504 0.0892175572519084
0 0.3714217557251908 0.6879770992366412 0.06440839694656489 0.08396946564885496
0 0.24952290076335878 0.7824427480916031 0.11641221374045801 0.08778625954198473
0 0.4110209923664122 0.7707538167938931 0.09398854961832061 0.1006679389312977
0 0.45586832061068705 0.7676526717557252 0.0691793893129771 0.09923664122137404
0 0.4782919847328244 0.8900286259541985 0.1226145038167939 0.10734732824427481
0 0.45491412213740456 0.9787690839694656 0.07299618320610687 0.09398854961832061
0 0.3845419847328244 0.9682729007633588 0.08110687022900763 0.05104961832061069
0 0.5407919847328244 0.7335400763358778 0.1226145038167939 0.09875954198473283
0 0.5975667938931297 0.7726622137404581 0.09208015267175572 0.1159351145038168
0 0.6882156488549618 0.740219465648855 0.11020992366412213 0.10639312977099237
0 0.7449904580152672 0.7528625954198473 0.1006679389312977 0.08874045801526717
0 0.7552480916030534 0.7082538167938931 0.1364503816793893 0.07872137404580153
0 0.7485687022900763 0.8163167938931297 0.1049618320610687 0.09637404580152671
0 0.7032442748091603 0.8494751908396947 0.10209923664122138 0.1359732824427481
0 0.7225667938931297 0.9937977099236641 0.1006679389312977 0.05057251908396947
0 0.5162213740458015 0.9892652671755725 0.10305343511450382 0.09398854961832061
0 0.6230916030534351 0.9992843511450382 0.1269083969465649 0.07490458015267176
0 0.9959446564885496 0.9224713740458015 0.08349236641221373 0.09208015267175572
0 0.9911736641221374 0.8423187022900763 0.09303435114503816 0.09017175572519084
0 0.22399809160305342 0.6407442748091603 0.1827290076335878 0.1269083969465649
0 0.1762881679389313 0.646469465648855 0.06440839694656489 0.1183206106870229
0 0.18845419847328243 0.7507156488549618 0.03435114503816794 0.05677480916030534
0 0.11140267175572519 0.8096374045801527 0.11688931297709923 0.07919847328244274
0 0.14432251908396945 0.3699904580152672 0.12356870229007634 0.129293893129771
0 0.06655534351145038 0.3509064885496183 0.0825381679389313 0.0825381679389313
0 0.04651717557251908 0.40791984732824427 0.06536259541984733 0.06870229007633588
0 0.08993320610687022 0.700381679389313 0.08349236641221373 0.09637404580152671
0 0.10901717557251908 0.7533396946564885 0.030057251908396948 0.04007633587786259
0 0.03864503816793893 0.6834446564885496 0.060114503816793896 0.1159351145038168
0 0.04770992366412214 0.7707538167938931 0.08874045801526717 0.05104961832061069
0 0.04866412213740458 0.8191793893129771 0.0868320610687023 0.06393129770992366
0 0.024093511450381678 0.5605916030534351 0.046278625954198474 0.0868320610687023
0 0.14408396946564886 0.5298187022900763 0.14217557251908397 0.09875954198473283
0 0.20849236641221375 0.5405534351145038 0.06774809160305344 0.05438931297709924
0 0.035305343511450385 0.4883110687022901 0.06774809160305344 0.057729007633587785
0 0.555104961832061 0.8354007633587787 0.06822519083969465 0.0982824427480916
0 0.5539122137404581 0.6424141221374046 0.13454198473282442 0.07299618320610687
0 0.6583969465648855 0.6264312977099237 0.08492366412213741 0.08492366412213741
0 0.6414599236641222 0.6729484732824428 0.07681297709923664 0.07108778625954199
0 0.5710877862595419 0.5918416030534351 0.09637404580152671 0.06345419847328244
0 0.7294847328244275 0.6645992366412213 0.09541984732824428 0.05248091603053435
0 0.526956106870229 0.36736641221374045 0.12070610687022901 0.09446564885496184
0 0.6075858778625954 0.4308206106870229 0.11688931297709923 0.09446564885496184
0 0.5159828244274809 0.26216603053435117 0.17891221374045801 0.1006679389312977
0 0.5357824427480916 0.21326335877862596 0.09637404580152671 0.06679389312977099
0 0.6266698473282443 0.22686068702290077 0.15410305343511452 0.09780534351145038
0 0.6657919847328244 0.3139312977099237 0.10830152671755726 0.11736641221374046
0 0.7325858778625954 0.22137404580152673 0.07776717557251908 0.08206106870229007
0 0.6254770992366412 0.22519083969465647 0.15267175572519084 0.08969465648854962
0 0.6657919847328244 0.35376908396946566 0.09303435114503816 0.07872137404580153
0 0.7545324427480916 0.3031965648854962 0.05295801526717557 0.07585877862595419
0 0.9165076335877863 0.2991412213740458 0.11354961832061068 0.14026717557251908
0 0.8089217557251909 0.4198473282442748 0.1359732824427481 0.09541984732824428
0 0.9468034351145038 0.48020038167938933 0.10639312977099237 0.08635496183206107
0 0.8807251908396947 0.48783396946564883 0.09541984732824428 0.10353053435114504
0 0.8494751908396947 0.33086832061068705 0.07681297709923664 0.11211832061068702
0 0.9861641221374046 0.4100667938931298 0.04770992366412214 0.061545801526717556
0 0.39479961832061067 0.16555343511450382 0.10353053435114504 0.05916030534351145
0 0.4420324427480916 0.16412213740458015 0.04532442748091603 0.04866412213740458
0 0.321087786259542 0.8213263358778626 0.05916030534351145 0.0892175572519084
0 0.3365935114503817 0.7340171755725191 0.07299618320610687 0.11020992366412213
0 0.34041030534351147 0.27814885496183206 0.026240458015267174 0.02194656488549618
