0 0.23750187097739858 0.35350246969016613 0.1272264631043257 0.09541984732824428
0 0.31234096692111957 0.41056728034725337 0.11787157611136055 0.08045202813950007
0 0.24311480317317766 0.4470513396198174 0.12161353090854661 0.06735518634934894
0 0.26930848675348 0.5200194581649454 0.11038766651698848 0.1047747343212094
0 0.71460110761862 0.15424337674000896 0.13096841790151176 0.08419398293668612
0 0.6191812602903757 0.17154991767699443 0.12722646310432562 0.09448435862894777
0 0.6088908845981139 0.24732450232001196 0.09167789253105826 0.08700044903457564
0 0.6673589283041461 0.26743750935488697 -0.13377488399940132 0.10290375692261637
0 0.30813126777428523 0.06396871725789552 0.11132315521628501 0.08887142643316867
0 0.577451597687421 0.026482794135465917 -0.12938736563327627 -0.05296558827093182
0 0.37897882759613993 0.4379410917470834 -0.1080224686734841 0.054911421575687756
0 0.3371201209851649 0.4838506409333141 -0.08191703874405877 -0.07291516635460178
