0 0.03686675919500347 0.994920579844244 -0.07276968154830751 0.08144421312360242
0 0.1645751407201789 0.9787763127457784 0.09686560259079344 0.07807078417765445
0 0.13469619862749635 1.0185345824658802 0.07276968154830751 0.037107718405428355
0 0.24770606831675532 0.9732342509060066 0.06361323155216286 0.0640951499730126
0 0.2787898064615622 0.7975749865062842 0.09493792890739454 0.07132392628575832
0 0.7869411123227915 0.5470283533260631 0.10359869138495091 0.09405670665212648
0 0.7440021810250818 0.4495637949836423 0.11041439476553987 0.11450381679389313
0 0.9130316248636858 0.46523991275899673 0.11314067611777523 0.08860414394765542
0 0.827153762268266 0.4038985823336968 0.1185932388222464 0.0995092693565976
0 0.8973555070883314 0.28530534351145037 0.10359869138495102 0.11586695747001087
0 0.998193838604144 0.3069308312858851 0.07899400218102513 0.14276024490546702
0 0.9696019629225736 0.4032170119956379 0.08451472191930205 0.08996728462377317
0 0.6268349970640047 0.6690399295361128 0.07927187316500295 0.06972988843217842
0 0.5673810921902526 0.6150910158543745 0.07927187316500295 0.06899588960657659
0 0.6356429829712272 0.6283029947152085 0.07633587786259531 0.06605989430416917
0 0.6264679976512036 0.740237815619495 -0.09468584850264233 0.0535819142689372
0 0.5787580739870817 0.7483118027011157 0.07266588373458606 0.05945390487375216
0 0.5336171462125661 0.6554609512624779 0.08367586611861426 0.06459189665296529
0 0.5284791544333529 0.7009688784497944 0.09248385202583674 0.0469759248385202
0 0.5163681738109219 0.7270258367586612 0.08147386964180854 0.0535819142689372
0 0.3985613623018203 0.7618907809747504 0.11450381679389313 0.06605989430416917
0 0.36186142102172636 0.8268496770405166 0.07927187316500295 0.07413388138578983
0 0.4169113329418673 0.8907075748678802 0.07633587786259542 0.07560187903699359
0 0.7237228420434527 0.9619054609512625 0.09248385202583674 0.09762184380504998
0 0.7787727539635937 1.007413388138579 0.09101585437463297 0.05798590722254861
0 0.8418966529653553 0.964474456840869 0.09395184967704051 0.07193188490898401
0 0.8785965942454491 1.014753376394598 0.12477980035231939 0.04477392836171461
0 0.6503229594832647 0.9608044627128597 0.09688784497944804 0.07633587786259542
0 0.6580299471520846 1.012184380504991 0.08587786259541985 0.049911920140927844
0 0.7508807985907222 0.8708896065766294 0.13358778625954199 0.08587786259541985
0 0.7585877862595419 0.9204345273047563 0.08881385789782738 0.05284791544333527
0 0.5492339906700594 0.9617260390161154 0.09807039864291778 0.11198579304495343
0 0.6125159033078881 0.8663061916878712 0.10933524173027982 0.10403413910093294
0 0.5363125530110264 1.0144057463952503 0.09873303647158616 0.04505937234944864
0 0.41703774385072095 0.9690150551314674 0.10270886344359624 0.07355279898218833
0 0.47435591603053434 0.9968458439355388 0.07819126378286691 0.07620335029686161
0 0.2775524809160305 0.9985024385072095 0.09674512298558097 0.07819126378286685
0 0.362370122985581 0.9994963952502122 0.12060008481764209 0.07487807463952507
0 0.44188666242578456 0.8427825487701442 0.09144402035623413 0.08216709075487699
0 0.45248886768447844 0.7241703774385073 0.07554071246819345 0.0715648854961832
0 0.5233911153519932 0.7944099872773538 0.09409457167090764 0.07554071246819345
0 0.71091762086514 0.7771814037319763 0.09541984732824428 0.09144402035623403
0 0.35740033927056825 0.9093776505513147 0.07090224766751484 0.08150445292620861
0 0.31797338846480067 0.9054018235793045 0.0755407124681934 0.10403413910093304
0 1.000357824427481 1.0013120229007633 0.0715648854961832 0.07037213740458015
0 0.5172948473282443 0.8665314885496184 0.090648854961832 0.06798664122137404
0 0.4749522900763359 0.9112595419847328 -0.07991412213740452 -0.07633587786259542
0 0.1247468453030067 0.9264488238043309 0.08860414394765541 0.06913070571740136
0 0.5979513942981773 0.7915952640598225 -0.09834086306278246 0.07010437762891417
0 0.334949806546063 0.77512286939245 0.05685977203806338 0.06404893861758865
